starting guesses: Hackbusch, JCP, 129, 044112 (2008)
t_q    1      0.2E+01
  0.7151291880
t_q    1      0.3E+01
  0.5970833670
t_q    1      0.4E+01
  0.5323920577
t_q    1      0.5E+01
  0.4931630669
t_q    1      0.6E+01
  0.4688474750
t_q    1      0.7E+01
  0.4545496123
t_q    1      0.8E+01
  0.4476963168
t_q    1      0.9E+01
  0.4464926063
t_q    1      0.1E+02
  0.4464926063
t_q    2      0.2E+01
  0.4072692399  2.4428035234
t_q    2      0.3E+01
  0.3245152450  2.0351293469
t_q    2      0.4E+01
  0.2748454854  1.8026054538
t_q    2      0.5E+01
  0.2412189720  1.6503932424
t_q    2      0.6E+01
  0.2167762632  1.5424317633
t_q    2      0.7E+01
  0.1981437307  1.4616668234
t_q    2      0.8E+01
  0.1834432100  1.3988865294
t_q    2      0.9E+01
  0.1715370646  1.3486468790
t_q    2      0.1E+02
  0.1616927399  1.3075141331
t_q    2      0.2E+02
  0.1137705533  1.1122420832
t_q    2      0.3E+02
  0.0979831430  1.0494466863
t_q    2      0.4E+02
  0.0931855955  1.0304678138
t_q    2      0.5E+02
  0.0931061726  1.0301539335
t_q    3      0.2E+01
  0.2874933084  1.6046370492  4.5064864376
t_q    3      0.3E+01
  0.2271999441  1.2909605829  3.7605449828
t_q    3      0.4E+01
  0.1908209018  1.1043195988  3.3340243511
t_q    3      0.5E+01
  0.1660731375  0.9784372085  3.0530159809
t_q    3      0.6E+01
  0.1479754687  0.8869636854  2.8518506601
t_q    3      0.7E+01
  0.1340782652  0.8170825514  2.6996829648
t_q    3      0.8E+01
  0.1230221775  0.7617320988  2.5799507517
t_q    3      0.9E+01
  0.1139868765  0.7166728214  2.4829070960
t_q    3      0.1E+02
  0.1064455484  0.6791933647  2.4024163101
t_q    3      0.2E+02
  0.0679013689  0.4897948875  1.9962015809
t_q    3      0.3E+02
  0.0526373510  0.4159550869  1.8359809179
t_q    3      0.4E+02
  0.0443249082  0.3760267128  1.7481061682
t_q    3      0.5E+02
  0.0390820984  0.3509230684  1.6921947262
t_q    3      0.6E+02
  0.0354878576  0.3337331092  1.6535367452
t_q    3      0.7E+02
  0.0328950170  0.3213333777  1.6254323321
t_q    3      0.8E+02
  0.0309660406  0.3121038075  1.6043802276
t_q    3      0.9E+02
  0.0295080587  0.3051223245  1.5883739921
t_q    3      0.1E+03
  0.0284038048  0.2998300571  1.5761907593
t_q    3      0.2E+03
  0.0263492728  0.2899685548  1.5533661853
t_q    4      0.2E+01
  0.2225282101  1.2118271769  3.1874817920  6.7398873748
t_q    4      0.3E+01
  0.1752710514  0.9635165380  2.5825322434  5.6335854034
t_q    4      0.4E+01
  0.1467195065  0.8142596433  2.2245993656  5.0007453724
t_q    4      0.5E+01
  0.1272851568  0.7128840159  1.9837003474  4.5827403151
t_q    4      0.6E+01
  0.1130668629  0.6387959916  1.8086875077  4.2824053716
t_q    4      0.7E+01
  0.1021441842  0.5819143686  1.6748643119  4.0542666653
t_q    4      0.8E+01
  0.0934510261  0.5366603520  1.5686956964  3.8739609092
t_q    4      0.9E+01
  0.0863437924  0.4996723020  1.4820860449  3.7271630039
t_q    4      0.1E+02
  0.0804090244  0.4687930947  1.4098715379  3.6048552773
t_q    4      0.2E+02
  0.0499698775  0.3105631707  1.0398249108  2.9750469432
t_q    4      0.3E+02
  0.0377493791  0.2471731689  0.8901553582  2.7154179634
t_q    4      0.4E+02
  0.0309718828  0.2120774570  0.8062000011  2.5672235707
t_q    4      0.5E+02
  0.0266079437  0.1895065775  0.7515202986  2.4693480572
t_q    4      0.6E+02
  0.0235419919  0.1736604768  0.7126891673  2.3990539647
t_q    4      0.7E+02
  0.0212604166  0.1618724212  0.6835043050  2.3457307234
t_q    4      0.8E+02
  0.0194916433  0.1527342675  0.6606717166  2.3036894120
t_q    4      0.9E+02
  0.0180777829  0.1454283956  0.6422668198  2.2695770443
t_q    4      0.1E+03
  0.0169204412  0.1394458612  0.6270840649  2.2412769022
t_q    4      0.2E+03
  0.0114012538  0.1108289024  0.5527015497  2.1002718748
t_q    4      0.3E+03
  0.0095667748  0.1012379805  0.5269302725  2.0503770061
t_q    4      0.4E+03
  0.0089149585  0.0978104437  0.5175885567  2.0321413591
t_q    4      0.5E+03
  0.0088685368  0.0975658350  0.5169189990  2.0308311260
t_q    5      0.2E+01
  0.1816122344  0.9776830415  2.5060472630  4.9959238094  9.0782980472
t_q    5      0.3E+01
  0.1427866528  0.7731653372  2.0043671770  4.0691881696  7.5990884377
t_q    5      0.4E+01
  0.1193145237  0.6498239284  1.7039690955  3.5232332927  6.7530942551
t_q    5      0.5E+01
  0.1033351212  0.5658998555  1.5002594864  3.1563889824  6.1935841722
t_q    5      0.6E+01
  0.0916444285  0.5044896951  1.3514626526  2.8899298640  5.7907824264
t_q    5      0.7E+01
  0.0826640387  0.4572948615  1.2372195310  2.6860512679  5.4841006712
t_q    5      0.8E+01
  0.0755173873  0.4197151986  1.1462958376  2.5241149421  5.2411231042
t_q    5      0.9E+01
  0.0696751805  0.3889757292  1.0719353807  2.3918121852  5.0428035353
t_q    5      0.1E+02
  0.0647973163  0.3632942398  1.0098084995  2.2813077175  4.8771539519
t_q    5      0.2E+02
  0.0397910355  0.2313133225  0.6899245534  1.7098435082  4.0149225768
t_q    5      0.3E+02
  0.0297577868  0.1781464556  0.5601138853  1.4739028120  3.6519366545
t_q    5      0.4E+02
  0.0241901804  0.1485733749  0.4872759750  1.3391490990  3.4411575728
t_q    5      0.5E+02
  0.0205985169  0.1294650714  0.4397972397  1.2499372840  3.2997722745
t_q    5      0.6E+02
  0.0180677099  0.1159843501  0.4060170290  1.1856093035  3.1967392716
t_q    5      0.7E+02
  0.0161774475  0.1059055747  0.3805585874  1.1365624687  3.1174919553
t_q    5      0.8E+02
  0.0147059498  0.0980528682  0.3605733281  1.0976668403  3.0541811447
t_q    5      0.9E+02
  0.0135244471  0.0917428215  0.3444004901  1.0659073186  3.0021576020
t_q    5      0.1E+03
  0.0125527275  0.0865493949  0.3310012429  1.0393832417  2.9584699519
t_q    5      0.2E+03
  0.0077919805  0.0610302875  0.2635451761  0.9023059551  2.7287535886
t_q    5      0.3E+03
  0.0060033834  0.0513810282  0.2369999920  0.8463234388  2.6327559231
t_q    5      0.4E+03
  0.0050550447  0.0462342261  0.2224845242  0.8150922595  2.5785670835
t_q    5      0.5E+03
  0.0044700910  0.0430422335  0.2133256976  0.7951322401  2.5436793037
t_q    5      0.6E+03
  0.0040793512  0.0408997179  0.2071003854  0.7814442554  2.5196339666
t_q    5      0.7E+03
  0.0038074691  0.0394027285  0.2027096958  0.7717281393  2.5025046733
t_q    5      0.8E+03
  0.0036161176  0.0383455050  0.1995869767  0.7647855302  2.4902332389
t_q    5      0.9E+03
  0.0034843238  0.0376153535  0.1974191938  0.7599497569  2.4816698506
t_q    5      0.1E+04
  0.0034004600  0.0371498168  0.1960321090  0.7568483877  2.4761708330
t_q    5      0.2E+04
  0.0033529113  0.0368855238  0.1952428896  0.7550812995  2.4730352460
t_q    6      0.2E+01
  0.1534423273  0.8208030144  2.0763266378  4.0375449448  6.9549672561 11.4891014500
t_q    6      0.3E+01
  0.1205040984  0.6471706375  1.6495023836  3.2457669505  5.6881108969  9.6288261179
t_q    6      0.4E+01
  0.1005838109  0.5423052006  1.3926894069  2.7733849876  4.9443770209  8.5653072999
t_q    6      0.5E+01
  0.0870216341  0.4709136752  1.2180676458  2.4535517474  4.4452949406  7.8614295814
t_q    6      0.6E+01
  0.0770998975  0.4186625861  1.0902916799  2.2200677428  4.0828499947  7.3540700897
t_q    6      0.7E+01
  0.0694791230  0.3785036648  0.9920629036  2.0408032639  3.8053977452  6.9672127190
t_q    6      0.8E+01
  0.0634152342  0.3465262758  0.9138093906  1.8980781550  3.5848315847  6.6602309134
t_q    6      0.9E+01
  0.0584588700  0.3203701145  0.8497632878  1.7812813101  3.4044265672  6.4092678952
t_q    6      0.1E+02
  0.0543212599  0.2985187647  0.7962225930  1.6836229525  3.2535534765  6.1993107602
t_q    6      0.2E+02
  0.0331253841  0.1862453190  0.5202262125  1.1783399761  2.4682032833  5.0989823084
t_q    6      0.3E+02
  0.0246338602  0.1410255763  0.4082545329  0.9707499275  2.1393343031  4.6296955441
t_q    6      0.4E+02
  0.0199272922  0.1158687610  0.3455473250  0.8529186964  1.9493007795  4.3543982689
t_q    6      0.5E+02
  0.0168938376  0.0996091778  0.3047652372  0.7753183769  1.8222505520  4.1681458423
t_q    6      0.6E+02
  0.0147577944  0.0881339681  0.2758135969  0.7195968816  1.7298527418  4.0313890356
t_q    6      0.7E+02
  0.0131630673  0.0795507056  0.2540370048  0.6772494438  1.6588625672  3.9254796375
t_q    6      0.8E+02
  0.0119218683  0.0728594690  0.2369701577  0.6437479496  1.6021676952  3.8403261825
t_q    6      0.9E+02
  0.0109252385  0.0674791066  0.2231770678  0.6164401736  1.5555685911  3.7699289129
t_q    6      0.1E+03
  0.0101053613  0.0630473793  0.2117607009  0.5936601207  1.5164074608  3.7104671222
t_q    6      0.2E+03
  0.0060745562  0.0411656893  0.1543150000  0.4758340265  1.3088413484  3.3901114378
t_q    6      0.3E+03
  0.0045403773  0.0327772446  0.1315230758  0.4270458937  1.2198581691  3.2496928842
t_q    6      0.4E+03
  0.0037126127  0.0282275965  0.1188555546  0.3992215235  1.1681141741  3.1670518414
t_q    6      0.5E+03
  0.0031893815  0.0253389996  0.1106604325  0.3808951402  1.1335878720  3.1114724532
t_q    6      0.6E+03
  0.0028268458  0.0233296023  0.1048731918  0.3677786714  1.1086419641  3.0710862054
t_q    6      0.7E+03
  0.0025601002  0.0218457448  0.1005461602  0.3578681828  1.0896558648  3.0402149546
t_q    6      0.8E+03
  0.0023553678  0.0207030056  0.0971788429  0.3500900854  1.0746683097  3.0157614054
t_q    6      0.9E+03
  0.0021932678  0.0197953716  0.0944803091  0.3438129086  1.0625153854  2.9958772124
t_q    6      0.1E+04
  0.0020618553  0.0190573956  0.0922691708  0.3386390121  1.0524587572  2.9793845873
t_q    6      0.2E+04
  0.0014764459  0.0157368047  0.0820975256  0.3144524324  1.0049446930  2.9009766058
t_q    6      0.3E+04
  0.0013802019  0.0151836144  0.0803615119  0.3102556086  0.9966114863  2.8871396539
t_q    7      0.2E+01
  0.1328537956  0.7079130219  1.7769359317  3.4093982763  5.7364147937  9.0227759271 13.9533183597
t_q    7      0.3E+01
  0.1042559112  0.5571299563  1.4060269601  2.7202669793  4.6313738490  7.4035412706 11.7062080320
t_q    7      0.4E+01
  0.0869563051  0.4659955802  1.1823447473  2.3066801208  3.9742794392  6.4556528130 10.4221124993
t_q    7      0.5E+01
  0.0751780121  0.4039405738  1.0300953839  2.0257208845  3.5300416179  5.8202600945  9.5718793023
t_q    7      0.6E+01
  0.0665617640  0.3585240638  0.9186334446  1.8201812078  3.2059208291  5.3588978962  8.9585138516
t_q    7      0.7E+01
  0.0599443118  0.3236222395  0.8329240783  1.6621487568  2.9570712920  5.0055969195  8.4903507691
t_q    7      0.8E+01
  0.0546793547  0.2958355412  0.7646359312  1.5362084581  2.7588796361  4.7245451363  8.1184429697
t_q    7      0.9E+01
  0.0503765317  0.2731114583  0.7087438967  1.4330831595  2.5966018464  4.4944705710  7.8140604337
t_q    7      0.1E+02
  0.0467849719  0.2541310918  0.6620206366  1.3468236946  2.4608175652  4.3018718689  7.5591271744
t_q    7      0.2E+02
  0.0283978750  0.1566946545  0.4212835366  0.9007103395  1.7551920884  3.2943879649  6.2167521169
t_q    7      0.3E+02
  0.0210415975  0.1175159107  0.3237851995  0.7182511074  1.4622083632  2.8681290608  5.6391282837
t_q    7      0.4E+02
  0.0169689443  0.0957454021  0.2692943330  0.6152724295  1.2943422432  2.6197801492  5.2979645334
t_q    7      0.5E+02
  0.0143466170  0.0816866370  0.2339291826  0.5478173696  1.1828967187  2.4526048384  5.0658409540
t_q    7      0.6E+02
  0.0125016248  0.0717712321  0.2088738414  0.4996135480  1.1023091214  2.3303116969  4.8945625765
t_q    7      0.7E+02
  0.0111252038  0.0643586015  0.1900644750  0.4631352947  1.0406826318  2.2358669464  4.7613343075
t_q    7      0.8E+02
  0.0100546154  0.0585824765  0.1753502950  0.4343856131  0.9916572813  2.1600909301  4.6537869270
t_q    7      0.9E+02
  0.0091954804  0.0539396605  0.1634793191  0.4110293908  0.9514935034  2.0975458645  4.5645482584
t_q    7      0.1E+03
  0.0084890821  0.0501166420  0.1536699829  0.3916035532  0.9178336467  2.0447798621  4.4889127432
t_q    7      0.2E+03
  0.0050213412  0.0312546411  0.1045970270  0.2920522759  0.7407504784  1.7609744336  4.0759036969
t_q    7      0.3E+03
  0.0037021291  0.0240203563  0.0852762937  0.2512427085  0.6652246780  1.6360585970  3.8902964900
t_q    7      0.4E+03
  0.0029885878  0.0200860578  0.0745569090  0.2279899926  0.6211585821  1.5618502571  3.7787455934
t_q    7      0.5E+03
  0.0025357979  0.0175787591  0.0676131686  0.2126283417  0.5915602301  1.5113889411  3.7022956650
t_q    7      0.6E+03
  0.0022206031  0.0158270515  0.0626946503  0.2015781144  0.5700007445  1.4742950213  3.6457725385
t_q    7      0.7E+03
  0.0019874598  0.0145272077  0.0590012024  0.1931754653  0.5534433536  1.4456024139  3.6018543623
t_q    7      0.8E+03
  0.0018074376  0.0135206342  0.0561110636  0.1865310579  0.5402437912  1.4225951350  3.5665103665
t_q    7      0.9E+03
  0.0016639062  0.0127159639  0.0537791314  0.1811218121  0.5294244944  1.4036450527  3.5373112547
t_q    7      0.1E+04
  0.0015465907  0.0120566432  0.0518524899  0.1766179547  0.5203635255  1.3877091798  3.5126938632
t_q    7      0.2E+04
  0.0009839513  0.0088654691  0.0422681214  0.1536724501  0.4733864180  1.3040672497  3.3825029684
t_q    7      0.3E+04
  0.0007821172  0.0077017030  0.0386294252  0.1446819307  0.4545657668  1.2700397190  3.3290409500
t_q    7      0.4E+04
  0.0006828419  0.0071228280  0.0367803191  0.1400427289  0.4447519660  1.2521695310  3.3008429720
t_q    7      0.5E+04
  0.0006308136  0.0068171406  0.0357916075  0.1375409864  0.4394293306  1.2424396843  3.2854539019
t_q    7      0.6E+04
  0.0006085749  0.0066859022  0.0353643072  0.1364550050  0.4371119961  1.2381951172  3.2787324517
t_q    7      0.7E+04
  0.0006068005  0.0066754146  0.0353300853  0.1363679064  0.4369259719  1.2378541670  3.2781922981
t_q    8      0.1E+02
  0.0410961677  0.2215921004  0.5688643520  1.1299764766  1.9937655343  3.3208105202  5.4098231211  8.9485547791
t_q    8      0.2E+02
  0.0248626641  0.1356048286  0.3561108775  0.7334936098  1.3603355122  2.4047037241  4.1743696393  7.3612293134
t_q    8      0.3E+02
  0.0183751524  0.1010910396  0.2701415651  0.5719241550  1.0991792961  2.0209412749  3.6475369118  6.6737616672
t_q    8      0.4E+02
  0.0147868845  0.0819390878  0.2221894845  0.4811176249  0.9506792306  1.7993973055  3.3386937535  6.2657281268
t_q    8      0.5E+02
  0.0124783628  0.0695851237  0.1911241780  0.4218794618  0.8527570534  1.6513816100  3.1297492657  5.9869906377
t_q    8      0.6E+02
  0.0108553511  0.0608802489  0.1691520259  0.3797103414  0.7823660354  1.5437686300  2.9762479204  5.7806062770
t_q    8      0.7E+02
  0.0096453351  0.0543778231  0.1526831785  0.3479126051  0.7288141659  1.4610854084  2.8572596946  5.6195795453
t_q    8      0.8E+02
  0.0087047417  0.0493145029  0.1398190631  0.3229342398  0.6864049880  1.3950320724  2.7614744811  5.4892323988
t_q    8      0.9E+02
  0.0079503397  0.0452471531  0.1294552708  0.3027034339  0.6518003973  1.3407130798  2.6821760147  5.3808006207
t_q    8      0.1E+03
  0.0073303679  0.0418998419  0.1209028306  0.2859242917  0.6229028131  1.2950331295  2.6150915210  5.2886811793
t_q    8      0.2E+03
  0.0042923691  0.0254154225  0.0783393363  0.2007925992  0.4726395102  1.0517208225  2.2505781328  4.7811047017
t_q    8      0.3E+03
  0.0031400004  0.0191108173  0.0617360444  0.1664281836  0.4095542480  0.9458455056  2.0873834231  4.5494170929
t_q    8      0.4E+03
  0.0025176526  0.0156870855  0.0525805310  0.1470151832  0.3730161747  0.8831960387  1.9892072955  4.4084930703
t_q    8      0.5E+03
  0.0021229535  0.0135064199  0.0466737187  0.1342539622  0.3485587576  0.8406244097  1.9217275964  4.3108989562
t_q    8      0.7E+03
  0.0016447651  0.0108516615  0.0393710657  0.1181468833  0.3170960231  0.7850072328  1.8325419241  4.1809312248
t_q    8      0.1E+04
  0.0012593275  0.0086978505  0.0333181980  0.1044413334  0.2897059260  0.7357066638  1.7524189550  4.0631526125
t_q    8      0.2E+04
  0.0007623416  0.0058908110  0.0251495452  0.0852376686  0.2501340727  0.6627794284  1.6318321258  3.8839165956
t_q    8      0.3E+04
  0.0005779648  0.0048345080  0.0219435969  0.0773991677  0.2334900110  0.6314114181  1.5791206489  3.8047625323
t_q    8      0.4E+04
  0.0004803056  0.0042692088  0.0201825342  0.0729992859  0.2239987472  0.6133156518  1.5484597080  3.7584802840
t_q    8      0.5E+04
  0.0004196992  0.0039154579  0.0190601016  0.0701548745  0.2178004796  0.6014111143  1.5281833988  3.7277730361
t_q    8      0.7E+04
  0.0003493075  0.0035007145  0.0177200698  0.0667135377  0.2102311912  0.5867753362  1.5031361158  3.6897272262
t_q    8      0.1E+05
  0.0002996417  0.0032046869  0.0167448877  0.0641750239  0.2045953173  0.5758049688  1.4842730758  3.6609907151
t_q    8      0.2E+05
  0.0002812709  0.0030942622  0.0163765530  0.0632081355  0.2024364018  0.5715854882  1.4769970948  3.6498865035
t_q    9      0.1E+02
  0.0366466400  0.1966210451  0.4998872453  0.9775594234  1.6858162243  2.7212944265  4.2485871298  6.5659021657 10.3619750573
t_q    9      0.2E+02
  0.0221160162  0.1197005617  0.3095577652  0.6220398530  1.1147022115  1.8885600218  3.1147249043  5.0981371610  8.5274716594
t_q    9      0.3E+02
  0.0163142166  0.0888739577  0.2328241239  0.4776215752  0.8804879707  1.5426690213  2.6362216581  4.4683557671  7.7290029468
t_q    9      0.4E+02
  0.0131076928  0.0717893279  0.1901024737  0.3967095145  0.7480739001  1.3446599603  2.3582852576  4.0973891924  7.2533276339
t_q    9      0.5E+02
  0.0110461620  0.0607803586  0.1624695707  0.3440842841  0.6612286911  1.2133287214  2.1716507047  3.8454420775  6.9274020286
t_q    9      0.6E+02
  0.0095976729  0.0530301582  0.1429528058  0.3067286839  0.5991056929  1.1184415035  2.0353775013  3.6597441612  6.6854573091
t_q    9      0.7E+02
  0.0085183609  0.0472454376  0.1283432882  0.2786356835  0.5520531959  1.0459297104  1.9302841754  3.5153907951  6.4962582919
t_q    9      0.8E+02
  0.0076797895  0.0427441669  0.1169452389  0.2566228999  0.5149406599  0.9882757618  1.8460526693  3.3988951193  6.3427950576
t_q    9      0.9E+02
  0.0070075258  0.0391306246  0.1077729100  0.2388361570  0.4847687047  0.9410620540  1.7765815928  3.3022331320  6.2148972696
t_q    9      0.1E+03
  0.0064552941  0.0361585229  0.1002117522  0.2241169715  0.4596570000  0.9015052273  1.7180040401  3.2202910181  6.1060543749
t_q    9      0.2E+03
  0.0037535059  0.0215518208  0.0627363115  0.1500627748  0.3306054927  0.6934050066  1.4030303813  2.7716770734  5.5024333948
t_q    9      0.3E+03
  0.0027314605  0.0159839369  0.0482285546  0.1205956315  0.2773862360  0.6044051058  1.2638987331  2.5683342985  5.2238613500
t_q    9      0.4E+03
  0.0021805301  0.0129668298  0.0402738064  0.1041067481  0.2468847433  0.5522250628  1.1807304388  2.4449277513  5.0530353436
t_q    9      0.5E+03
  0.0018316193  0.0110482477  0.0351648886  0.0933425211  0.2266113855  0.5169700044  1.1237641614  2.3595017117  4.9339327012
t_q    9      0.7E+03
  0.0014095060  0.0087163949  0.0288802601  0.0798510208  0.2007018612  0.4711331221  1.0486449545  2.2456262013  4.7740022239
t_q    9      0.1E+04
  0.0010697133  0.0068276992  0.0237021380  0.0684570315  0.1782853336  0.4306491454  0.9811811804  2.1420504812  4.6272998769
t_q    9      0.2E+04
  0.0006313455  0.0043668470  0.0167545678  0.0525840159  0.1459750048  0.3706381471  0.8789214133  1.9823948780  4.3986398388
t_q    9      0.3E+04
  0.0004677827  0.0034369132  0.0140274848  0.0460846627  0.1322703437  0.3444646922  0.8333436224  1.9100798947  4.2939725971
t_q    9      0.4E+04
  0.0003803763  0.0029354868  0.0125188406  0.0423977621  0.1243410988  0.3290894035  0.8062550457  1.8667285745  4.2308745838
t_q    9      0.5E+04
  0.0003254404  0.0026180515  0.0115451773  0.0399764124  0.1190640832  0.3187534380  0.7879045136  1.8371950908  4.1877312847
t_q    9      0.7E+04
  0.0002596869  0.0022348903  0.0103453966  0.0369401084  0.1123604406  0.3054946294  0.7641900751  1.7988216034  4.1314779669
t_q    9      0.1E+05
  0.0002078470  0.0019292989  0.0093641493  0.0344069546  0.1066866208  0.2941521685  0.7437390948  1.7655336769  4.0824948353
t_q    9      0.2E+05
  0.0001468747  0.0015634876  0.0081515901  0.0312030692  0.0993920848  0.2793935723  0.7168880010  1.7215411745  4.0174876164
t_q    9      0.3E+05
  0.0001362079  0.0014984233  0.0079304843  0.0306088525  0.0980233175  0.2766007114  0.7117747229  1.7131253760  4.0050154343
t_q   10      0.1E+02
  0.0330697624  0.1768078438  0.4464853449  0.8637994095  1.4665304201  2.3172114001  3.5172089430  5.2328732181  7.7617287680 11.7952949791
t_q   10      0.2E+02
  0.0199190782  0.1072334417  0.2744085978  0.5421416041  0.9483605618  1.5578821538  2.4764307129  3.8758067492  6.0582950800  9.7118480399
t_q   10      0.3E+02
  0.0146720893  0.0793869118  0.2051749781  0.4118459243  0.7367388171  1.2445399693  2.0412209988  3.2995507854  5.3237296721  8.8014613612
t_q   10      0.4E+02
  0.0117740252  0.0639700951  0.1666917617  0.3390289701  0.6176072359  1.0663680454  1.7906093739  2.9631424353  4.8893793131  8.2575316824
t_q   10      0.5E+02
  0.0099118399  0.0540446718  0.1418346518  0.2917769967  0.5397886065  0.9489117072  1.6235559881  2.7363110644  4.5934743313  7.8839620328
t_q   10      0.6E+02
  0.0086040646  0.0470627087  0.1242996631  0.2583066428  0.4843311801  0.8645073678  1.5023398625  2.5701128719  4.3748135182  7.6060959474
t_q   10      0.7E+02
  0.0076300406  0.0418550059  0.1111879398  0.2331854554  0.4424728513  0.8003165994  1.4093598105  2.4415582485  4.2044568363  7.3884269231
t_q   10      0.8E+02
  0.0068735846  0.0378052652  0.1009686478  0.2135380827  0.4095631636  0.7494985796  1.3351857641  2.3382521089  4.0667052456  7.2115952445
t_q   10      0.9E+02
  0.0062673830  0.0345560641  0.0927525124  0.1976907282  0.3828877720  0.7080447358  1.2742625091  2.2528493905  3.9522041796  7.0640128565
t_q   10      0.1E+03
  0.0057695951  0.0318850374  0.0859854512  0.1845984842  0.3607477727  0.6734363415  1.2230817507  2.1806860195  3.8549835889  6.9382543121
t_q   10      0.2E+03
  0.0033373898  0.0187829201  0.0525560175  0.1191576577  0.2481220756  0.4935977722  0.9512698505  1.7897496715  3.3196100790  6.2374001617
t_q   10      0.3E+03
  0.0024194723  0.0138046334  0.0396925971  0.0934222985  0.2024464290  0.4181018465  0.8332962400  1.6150345745  3.0746551661  5.9113092021
t_q   10      0.4E+03
  0.0019254909  0.0111128914  0.0326715797  0.0791423113  0.1765489796  0.3743260077  0.7634651419  1.5097794913  2.9250174225  5.7101524173
t_q   10      0.5E+03
  0.0016130554  0.0094040710  0.0281792896  0.0698808952  0.1594696975  0.3449733568  0.7159420334  1.4372483830  2.8208885752  5.5692173766
t_q   10      0.7E+03
  0.0012356311  0.0073310325  0.0226776889  0.0583566335  0.1378184890  0.3070966214  0.6536553453  1.3409422951  2.6812225946  5.3788596769
t_q   10      0.1E+04
  0.0009323991  0.0056560053  0.0181719765  0.0487116706  0.1192619459  0.2739171356  0.5980606336  1.2536454845  2.5531023689  5.2028048639
t_q   10      0.2E+04
  0.0005421696  0.0034806731  0.0121808447  0.0354347079  0.0928087867  0.2251455518  0.5142100271  1.1191922259  2.3525743225  4.9242248868
t_q   10      0.3E+04
  0.0003967302  0.0026604836  0.0098489286  0.0300488167  0.0816621939  0.2039328887  0.4767849144  1.0579265306  2.2597542578  4.7939093124
t_q   10      0.4E+04
  0.0003189014  0.0022180408  0.0085622084  0.0269984517  0.0752068311  0.1914251601  0.4543973764  1.0208561605  2.2031043685  4.7139161936
t_q   10      0.5E+04
  0.0002698636  0.0019374882  0.0077316581  0.0249919541  0.0708942349  0.1829661538  0.4391085308  0.9953449891  2.1638931456  4.6583347846
t_q   10      0.7E+04
  0.0002108893  0.0015975896  0.0067051290  0.0224625371  0.0653717748  0.1720007541  0.4190975398  0.9617003167  2.1118856541  4.5843367189
t_q   10      0.1E+05
  0.0001638448  0.0013236959  0.0058563635  0.0203212175  0.0606111724  0.1624157193  0.4014143724  0.9317156301  2.0652402324  4.5176891627
t_q   10      0.2E+05
  0.0001044472  0.0009720822  0.0047254436  0.0173786281  0.0539181295  0.1487055526  0.3757805827  0.8877951803  1.9963843960  4.4188048772
t_q   10      0.3E+05
  0.0000835623  0.0008458182  0.0043031487  0.0162472360  0.0512906896  0.1432399533  0.3654403514  0.8699163624  1.9681651743  4.3780996776
t_q   10      0.5E+05
  0.0000692497  0.0007579414  0.0040023142  0.0154281992  0.0493673528  0.1392062788  0.3577616046  0.8565758106  1.9470344045  4.3475489303
t_q   10      0.1E+06
  0.0000684439  0.0007529516  0.0039850356  0.0153807991  0.0492554653  0.1389707383  0.3573119289  0.8557928464  1.9457922046  4.3457510816
t_q   11      0.1E+02
  0.0301309885  0.1606809945  0.4037750551  0.7751832496  1.3015684470  2.0256723923  3.0143817180  4.3718289090  6.2650017998  8.9909992516 13.2454300126
t_q   11      0.2E+02
  0.0181210797  0.0971750381  0.2467985173  0.4817566785  0.8282771166  1.3300696806  2.0567305766  3.1164004964  4.6805076136  7.0492221261 10.9116044227
t_q   11      0.3E+02
  0.0133321422  0.0717844675  0.1837505079  0.3631906488  0.6356426511  1.0444692701  1.6592152251  2.5883048395  4.0041452021  6.2084129877  9.8885546801
t_q   11      0.4E+02
  0.0106884539  0.0577396060  0.1487543597  0.2970663898  0.5275519950  0.8829075520  1.4319631560  2.2826484117  3.6076327856  5.7096768822  9.2758730438
t_q   11      0.5E+02
  0.0089905002  0.0487041771  0.1261762123  0.2542357904  0.4571594293  0.7769092949  1.2814468597  2.0780301498  3.3393616918  5.3690541246  8.8542885137
t_q   11      0.6E+02
  0.0077985503  0.0423524201  0.1102652551  0.2239475062  0.4071358004  0.7010697303  1.1728396207  1.9290152408  3.1422391785  5.1168202530  8.5402070140
t_q   11      0.7E+02
  0.0069111232  0.0376175444  0.0983788554  0.2012493936  0.3694783097  0.6436206330  1.0899407695  1.8143508270  2.9893905748  4.9199519381  8.2938255368
t_q   11      0.8E+02
  0.0062221568  0.0339374512  0.0891223549  0.1835224902  0.3399444112  0.5983039637  1.0240978685  1.7226238645  2.8662979670  4.7605096085  8.0934197854
t_q   11      0.9E+02
  0.0056702142  0.0309862656  0.0816860387  0.1692434066  0.3160607082  0.5614600806  0.9702293534  1.6470963177  2.7643431185  4.6277899427  7.9259744054
t_q   11      0.1E+03
  0.0052171158  0.0285613210  0.0755656715  0.1574618407  0.2962809494  0.5307942425  0.9251356227  1.5835045879  2.6780450591  4.5149547172  7.7831431411
t_q   11      0.2E+03
  0.0030056960  0.0166858950  0.0454121585  0.0988641644  0.1964885269  0.3731861007  0.6885800478  1.2431291028  2.2076885241  3.8906895640  6.9840797597
t_q   11      0.3E+03
  0.0021727378  0.0121865964  0.0338656295  0.0760307668  0.1565903606  0.3081737638  0.5877869036  1.0936113751  1.9954974609  3.6029405912  6.6099436566
t_q   11      0.4E+03
  0.0017251109  0.0097587037  0.0275863190  0.0634477708  0.1341890869  0.2708946251  0.5287828806  1.0044247034  1.8668735333  3.4262637970  6.3781033362
t_q   11      0.5E+03
  0.0014423139  0.0082197986  0.0235807105  0.0553321514  0.1195250490  0.2460990066  0.4889378464  0.9433780373  1.7778182812  3.3028236887  6.2150744685
t_q   11      0.7E+03
  0.0011011368  0.0063561904  0.0186927643  0.0452979299  0.1010854056  0.2143707646  0.4371216893  0.8628534639  1.6589340653  3.1364760958  5.9939098334
t_q   11      0.1E+04
  0.0008275060  0.0048538992  0.0147096838  0.0369705659  0.0854390616  0.1868523116  0.3912822366  0.7903843505  1.5504001922  2.9828994649  5.7881154951
t_q   11      0.2E+04
  0.0004763387  0.0029099647  0.0094574935  0.0256521648  0.0634401601  0.1469147278  0.3228783614  0.6796431373  1.3812552179  2.7398655434  5.4589664557
t_q   11      0.3E+04
  0.0003458600  0.0021800684  0.0074338002  0.0211226720  0.0542911479  0.1297318847  0.2925888019  0.6294124319  1.3030115312  2.6257268943  5.3027692366
t_q   11      0.4E+04
  0.0002761321  0.0017871802  0.0063237063  0.0185749572  0.0490227903  0.1196387865  0.2745011177  0.5990053818  1.2551208194  2.5552713220  5.2057929169
t_q   11      0.5E+04
  0.0002322146  0.0015383079  0.0056097155  0.0169052402  0.0455116261  0.1128182709  0.2621385843  0.5780283645  1.2218328764  2.5060164008  5.1377321548
t_q   11      0.7E+04
  0.0001793702  0.0012368772  0.0047295379  0.0148046950  0.0410168641  0.1039627887  0.2459022094  0.5502188037  1.1773684056  2.4398440817  5.0459378422
t_q   11      0.1E+05
  0.0001371173  0.0009937039  0.0040024563  0.0130252872  0.0371294655  0.0961764698  0.2314355666  0.5251727289  1.1369760623  2.3793366606  4.9616300422
t_q   11      0.2E+05
  0.0000832278  0.0006789846  0.0030262161  0.0105508059  0.0315725609  0.0848047666  0.2099441381  0.4874504768  1.0754704397  2.2864325945  4.8314578428
t_q   11      0.3E+05
  0.0000634842  0.0005614631  0.0026458704  0.0095514520  0.0292673761  0.0799904705  0.2006996271  0.4710172616  1.0484057106  2.2452401433  4.7734480827
t_q   11      0.5E+05
  0.0000468178  0.0004605500  0.0023087081  0.0086438163  0.0271370063  0.0754830631  0.1919567225  0.4553510682  1.0224408959  2.2055334225  4.7173533014
t_q   11      0.1E+06
  0.0000357191  0.0003919231  0.0020718641  0.0079915532  0.0255815190  0.0721531994  0.1854393637  0.4435894412  1.0028379881  2.1754292737  4.6747053692
t_q   11      0.2E+06
  0.0000355035  0.0003905740  0.0020671330  0.0079783847  0.0255498865  0.0720851228  0.1853055788  0.4433472302  1.0024332765  2.1748065663  4.6738220579
t_q   12      0.1E+02
  0.0276731293  0.1472866131  0.3687581752  0.7039332404  1.1723654412  1.8045683155  2.6469524305  3.7693192226  5.2773524399  7.3381749736 10.2488461667 14.7099922874
t_q   12      0.2E+02
  0.0166219868  0.0888764190  0.2244621642  0.4343008089  0.7372692135  1.1640767884  1.7626592744  2.6056037701  3.8021293787  5.5228868604  8.0665421481 12.1245972500
t_q   12      0.3E+02
  0.0122175905  0.0655438352  0.1665923720  0.3255827057  0.5606935394  0.9021601691  1.3977054457  2.1199036671  3.1783136458  4.7445349935  7.1183009631 10.9882665995
t_q   12      0.4E+02
  0.0097872502  0.0526466975  0.1345082558  0.2650565360  0.4618694246  0.7545813464  1.1902704561  1.8408744447  2.8156533824  4.2866097725  6.5543641022 10.3064204128
t_q   12      0.5E+02
  0.0082269232  0.0443547657  0.1138293811  0.2259109878  0.3976625204  0.6581133164  1.0535979897  1.6552845368  2.5719827479  3.9759001427  6.1684054474  9.8365133085
t_q   12      0.6E+02
  0.0071319632  0.0385288520  0.0992694980  0.1982658029  0.3521334070  0.5893267644  0.9554417206  1.5208802149  2.3939769277  3.7470487791  5.8821023097  9.4859726616
t_q   12      0.7E+02
  0.0063170014  0.0341880877  0.0884008694  0.1775737849  0.3179284458  0.5373835812  0.8808348911  1.4179620136  2.2566378506  3.5692344889  5.6583087139  9.2106775903
t_q   12      0.8E+02
  0.0056844759  0.0308158127  0.0799429238  0.1614319012  0.2911529716  0.4965287577  0.8218028958  1.3359859878  2.1465138973  3.4257800602  5.4768215138  8.9865269269
t_q   12      0.9E+02
  0.0051778837  0.0281125858  0.0731525477  0.1484433218  0.2695385352  0.4634018779  0.7736733808  1.2687470579  2.0556487984  3.3067709916  5.3255742674  8.7990705511
t_q   12      0.1E+03
  0.0047621174  0.0258922312  0.0675671841  0.1377372357  0.2516682773  0.4358989326  0.7335111189  1.2123305595  1.9789993733  3.2058935052  5.1968507099  8.6390362946
t_q   12      0.2E+03
  0.0027347725  0.0150339160  0.0401109196  0.0846931137  0.1620925487  0.2958529951  0.5251822398  0.9139677615  1.5660334618  2.6532976248  4.4819518632  7.7409496329
t_q   12      0.3E+03
  0.0019724053  0.0109300683  0.0296391592  0.0641708378  0.1266927676  0.2389728369  0.4379665567  0.7852367572  1.3828078771  2.4020735504  4.1504387185  7.3183269826
t_q   12      0.4E+03
  0.0015632018  0.0087194293  0.0239611099  0.0529226965  0.1069822238  0.2066916846  0.3874734399  0.7092770598  1.2728176105  2.2490192305  3.9460569038  7.0555049835
t_q   12      0.5E+03
  0.0013049277  0.0073201723  0.0203478396  0.0457004677  0.0941638307  0.1853856909  0.3536480270  0.6576800519  1.1971736851  2.1426416637  3.8028020862  6.8701597227
t_q   12      0.7E+03
  0.0009936835  0.0056283720  0.0159514188  0.0368179788  0.0781633784  0.1583492582  0.3100284585  0.5901523820  1.0968730441  2.0000185379  3.6090366250  6.6178680811
t_q   12      0.1E+04
  0.0007444375  0.0042674832  0.0123834190  0.0294995183  0.0647151526  0.1351401305  0.2718256002  0.5299318074  1.0060016003  1.8690725807  3.4292526283  6.3820141367
t_q   12      0.2E+04
  0.0004253461  0.0025124573  0.0077110331  0.0196667689  0.0460699665  0.1019345617  0.2155714528  0.4389685498  0.8656822116  1.6631068382  3.1423301713  6.0017142253
t_q   12      0.3E+04
  0.0003071487  0.0018562367  0.0059269627  0.0157853123  0.0384313671  0.0878495253  0.1909682470  0.3981208019  0.8012392221  1.5667393798  3.0061217791  5.8193331245
t_q   12      0.4E+04
  0.0002441085  0.0015039660  0.0049543174  0.0136203242  0.0340694987  0.0796364299  0.1763621932  0.3734982401  0.7618906436  1.5072708912  2.9213720831  5.7052025799
t_q   12      0.5E+04
  0.0002044570  0.0012812570  0.0043315761  0.0122095813  0.0311780208  0.0741104016  0.1664105913  0.3565435846  0.7345542696  1.4656545189  2.8617277625  5.6245660856
t_q   12      0.7E+04
  0.0001568013  0.0010120177  0.0035674355  0.0104444296  0.0274936282  0.0669594194  0.1533655507  0.3340773638  0.6980031233  1.4095969803  2.7809257068  5.5148932958
t_q   12      0.1E+05
  0.0001187252  0.0007951872  0.0029393126  0.0089568259  0.0243187365  0.0606828398  0.1417406039  0.3138030384  0.6646708541  1.3580375490  2.7061158915  5.4128928432
t_q   12      0.2E+05
  0.0000700878  0.0005146033  0.0020989643  0.0068925799  0.0197756652  0.0514761740  0.1243419706  0.2829518136  0.6132492393  1.2776050912  2.5884073620  5.2514563620
t_q   12      0.3E+05
  0.0000521389  0.0004093065  0.0017704069  0.0060528420  0.0178687082  0.0475159451  0.1167105056  0.2692033215  0.5900340204  1.2409091385  2.5342714385  5.1768021359
t_q   12      0.5E+05
  0.0000366643  0.0003171191  0.0014728762  0.0052700220  0.0160518058  0.0436792930  0.1092193196  0.2555635239  0.5668020855  1.2039297761  2.4794259728  5.1008957272
t_q   12      0.1E+06
  0.0000241612  0.0002409457  0.0012165204  0.0045733306  0.0143964971  0.0401218782  0.1021774117  0.2425999702  0.5445239848  1.1682136033  2.4261638495  5.0269080844
t_q   12      0.2E+06
  0.0000189416  0.0002083413  0.0011025732  0.0042553546  0.0136269175  0.0384452749  0.0988234354  0.2363736024  0.5337511718  1.1508488521  2.4001615978  4.9906873373
t_q   12      0.3E+06
  0.0000189340  0.0002082931  0.0011024024  0.0042548734  0.0136257459  0.0384427108  0.0988182876  0.2363640172  0.5337345458  1.1508219944  2.4001213100  4.9906311510
t_q   13      0.1E+02
  0.0255868207  0.1359771427  0.3394815030  0.6452380389  1.0680388683  1.6304515219  2.3659824436  3.3237148051  4.5753547547  6.2274123578  8.4469671933 11.5314290237 16.1870932177
t_q   13      0.2E+02
  0.0153527424  0.0819058299  0.2059765874  0.3958844736  0.6656749056  1.0376871217  1.5461507729  2.2419642861  3.1994930737  4.5282874945  6.3981387299  9.1067784969 13.3491215794
t_q   13      0.3E+02
  0.0112757435  0.0603223979  0.1525007237  0.2955277283  0.5027902095  0.7960938617  1.2093501036  1.7933089972  2.6223634743  3.8064590062  5.5162604961  8.0501192457 12.0989895223
t_q   13      0.4E+02
  0.0090268982  0.0483993303  0.1228819816  0.2397391142  0.4118217589  0.6603888792  1.0187846262  1.5371450841  2.2893425824  3.3851999419  4.9958531489  7.4203059141 11.3476308265
t_q   13      0.5E+02
  0.0075835662  0.0407376308  0.1038080362  0.2037030442  0.3528297905  0.5719362890  0.8937509530  1.3676956728  2.0670104179  3.1012606244  4.6418880422  6.9884992950 10.8291419643
t_q   13      0.6E+02
  0.0065710035  0.0353569789  0.0903879851  0.1782821245  0.3110700602  0.5090319818  0.8042946625  1.2455733860  1.9054792788  2.8932856501  4.3806489536  6.6677158397 10.4419368035
t_q   13      0.7E+02
  0.0058175684  0.0313496158  0.0803767583  0.1592740539  0.2797464648  0.4616472947  0.7365358865  1.1524615159  1.7814423256  2.7324567430  4.1773180521  6.4166540693 10.1375583317
t_q   13      0.8E+02
  0.0052329390  0.0282375222  0.0725906702  0.1444595108  0.2552626615  0.4244631647  0.6830922303  1.0785818504  1.6824002197  2.6032393268  4.0130294793  6.2128284447  9.8895184069
t_q   13      0.9E+02
  0.0047648122  0.0257437170  0.0663430976  0.1325491890  0.2355255628  0.3943771928  0.6396459010  1.0181944861  1.6009832617  2.4964300537  3.8765534322  6.0427974355  9.6819261346
t_q   13      0.1E+03
  0.0043806959  0.0236960325  0.0612068180  0.1227397677  0.2192288473  0.3694491543  0.6034892574  0.9676872342  1.5325340756  2.4061866588  3.7607303111  5.8979582102  9.5045784620
t_q   13      0.2E+03
  0.0025091448  0.0136939543  0.0360053496  0.0742866821  0.1379542477  0.2434756239  0.4177689436  0.7035481042  1.1680019136  1.9172656578  3.1235654400  5.0909794073  8.5067809666
t_q   13      0.3E+03
  0.0018063448  0.0099215980  0.0264254868  0.0556459478  0.1061317262  0.1929787217  0.3412478359  0.5915378196  1.0090348395  1.6985030890  2.8320126081  4.7148939360  8.0352971416
t_q   13      0.4E+03
  0.0014294955  0.0078925617  0.0212436561  0.0454727229  0.0885341543  0.1645798034  0.2974049919  0.5261556982  0.9146013962  1.5664758893  2.6536401908  4.4822507877  7.7412394985
t_q   13      0.5E+03
  0.0011918362  0.0066097900  0.0179527057  0.0389639196  0.0771529417  0.1459668489  0.2682605794  0.4820900184  0.8501377564  1.4753151599  2.5292704380  4.3187598299  7.5333877438
t_q   13      0.7E+03
  0.0009057064  0.0050609743  0.0139578927  0.0309928909  0.0630365270  0.1225299402  0.2309880248  0.4248923236  0.7653181375  1.3539125860  2.3619293563  4.0969574806  7.2496932242
t_q   13      0.1E+04
  0.0006768696  0.0038174399  0.0107265164  0.0244642995  0.0512717184  0.1026078911  0.1986759226  0.3743869444  0.6891677592  1.2433126215  2.2075757403  3.8903332120  6.9835030322
t_q   13      0.2E+04
  0.0003845271  0.0022186009  0.0065187825  0.0157790141  0.0351723648  0.0745116209  0.1517718419  0.2991167658  0.5729793347  1.0710618053  1.9629781297  3.5583604502  6.5515589466
t_q   13      0.3E+04
  0.0002765306  0.0016230480  0.0049241942  0.0123926269  0.0286746048  0.0627750595  0.1315527145  0.2657519373  0.5202041094  0.9911579072  1.8474989878  3.3994398161  6.3427254430
t_q   13      0.4E+04
  0.0002190369  0.0013041638  0.0040594962  0.0105190664  0.0249976696  0.0559909912  0.1196433237  0.2457744586  0.4881524088  0.9420361988  1.7757837240  3.2999574598  6.2112597218
t_q   13      0.5E+04
  0.0001829255  0.0011029603  0.0035082041  0.0093055583  0.0225756891  0.0514532208  0.1115701158  0.2320750582  0.4659542555  0.9077269512  1.7253408354  3.2295976939  6.1179182379
t_q   13      0.7E+04
  0.0001395911  0.0008602478  0.0028349335  0.0077968209  0.0195091641  0.0456141151  0.1010362835  0.2139863759  0.4363438112  0.8615632167  1.6569797098  3.1337076650  5.9902047770
t_q   13      0.1E+05
  0.0001050303  0.0006653037  0.0022848087  0.0065347903  0.0168851673  0.0405185836  0.0916899642  0.1977094598  0.4093783173  0.8190948780  1.5935618859  3.0441685261  5.8704038774
t_q   13      0.2E+05
  0.0000609563  0.0004138257  0.0015544459  0.0047983613  0.0131558913  0.0330774630  0.0777296407  0.1729320307  0.3676675397  0.7525109384  1.4930192951  2.9009782543  5.6776606071
t_q   13      0.3E+05
  0.0000446826  0.0003195828  0.0012704371  0.0040950652  0.0115926264  0.0298705755  0.0715759908  0.1618048004  0.3486416674  0.7217412891  1.4460582142  2.8335425117  5.5863674114
t_q   13      0.5E+05
  0.0000305929  0.0002368735  0.0010129814  0.0034370642  0.0100928436  0.0267326288  0.0654585886  0.1505987243  0.3292733301  0.6901352747  1.3974653098  2.7633665911  5.4909925646
t_q   13      0.1E+06
  0.0000189521  0.0001671420  0.0007862262  0.0028351172  0.0086808725  0.0237125982  0.0594674488  0.1394672790  0.3098074145  0.6580601213  1.3477593893  2.6911441396  5.3924244212
t_q   13      0.2E+06
  0.0000126311  0.0001282311  0.0006533584  0.0024689448  0.0077984556  0.0217866181  0.0555857882  0.1321628406  0.2968998480  0.6366075269  1.3142815348  2.6422386688  5.3254329240
t_q   13      0.3E+06
  0.0000107144  0.0001161632  0.0006107790  0.0023489042  0.0075045707  0.0211376584  0.0542660159  0.1296613536  0.2924534243  0.6291816607  1.3026475945  2.6251922772  5.3020345571
t_q   13      0.4E+06
  0.0000103474  0.0001138317  0.0006024601  0.0023252777  0.0074464345  0.0210088043  0.0540032193  0.1291621153  0.2915643751  0.6276946182  1.3003150067  2.6217712688  5.2973357441
t_q   14      0.1E+02
  0.0237936690  0.1262969465  0.3146136034  0.5959506166  0.9817869160  1.4893061716  2.1434977756  2.9801766485  4.0503389263  5.4269062114  7.2168007000  9.5870452772 12.8357494149 17.6753312546
t_q   14      0.2E+02
  0.0142641021  0.0759638522  0.1903985304  0.3640607521  0.6076945939  0.9380409019  1.3802978464  1.9713646650  2.7641415826  3.8339843612  5.2903788510  7.3023268339 10.1671211921 14.5837970746
t_q   14      0.3E+02
  0.0104692054  0.0558852823  0.1406960623  0.2708801030  0.4565826558  0.7139990689  1.0679417677  1.5550829406  2.2282123272  3.1627623993  4.4686527800  6.3156455910  9.0012119221 13.2194183434
t_q   14      0.4E+02
  0.0083766355  0.0447991964  0.1131902345  0.2191456758  0.3723391762  0.5884689484  0.8918422273  1.3185844672  1.9209270418  2.7739127897  3.9874784351  5.7318680938  8.3049530509 12.3982499699
t_q   14      0.5E+02
  0.0070339795  0.0376784578  0.0954894503  0.1857638802  0.3177927469  0.5068344029  0.7766828152  1.1628491895  1.7169175231  2.5134448280  3.6622634753  5.3339687858  7.8268675578 11.8309580847
t_q   14      0.6E+02
  0.0060922818  0.0326796427  0.0830432040  0.1622373411  0.2792335371  0.4489001056  0.6945418268  1.0510655723  1.5694187175  2.3236707816  3.4235072283  5.0397939065  7.4712575541 11.4069124477
t_q   14      0.7E+02
  0.0053917359  0.0289579546  0.0737635464  0.1446605226  0.2503473594  0.4053437838  0.6324982596  0.9661477675  1.4566423524  2.1775887642  3.2385103861  4.8104879928  7.1926391193 11.0733054472
t_q   14      0.8E+02
  0.0048482593  0.0260686293  0.0665500408  0.1309719716  0.2277953400  0.3712257195  0.5836889969  0.8989929313  1.3669355475  2.0606917616  3.0896188503  4.6249719171  6.9662281803 10.8012531761
t_q   14      0.9E+02
  0.0044131688  0.0237540108  0.0607645779  0.1199747097  0.2096355720  0.3436674310  0.5441054324  0.8442683197  1.2934459449  1.9644120589  2.9663588112  4.4706848821  6.7771978108 10.5734181764
t_q   14      0.1E+03
  0.0040562245  0.0218539743  0.0560102457  0.1109232906  0.1946568578  0.3208703362  0.5112372035  0.7986245539  1.2318541071  1.8833267888  2.8620729341  4.3396108706  6.6160519093 10.3786631165
t_q   14      0.2E+03
  0.0023182288  0.0125823731  0.0327195619  0.0663255368  0.1202545591  0.2063694428  0.3438043886  0.5622945793  0.9074155938  1.4488825900  2.2943634981  3.6159269290  5.7157741286  9.2805653437
t_q   14      0.3E+03
  0.0016663613  0.0090917174  0.0238907650  0.0492457145  0.0913375037  0.1609683531  0.2757734097  0.4636622370  0.7682880833  1.2576815493  2.0385090184  3.2829551393  5.2944340379  8.7598988338
t_q   14      0.4E+03
  0.0013171251  0.0072165931  0.0191248800  0.0399561872  0.0754352695  0.1356331023  0.2371598253  0.4066773887  0.6865007576  1.1434436672  1.8833899153  3.0785150127  5.0330591708  8.4343872183
t_q   14      0.5E+03
  0.0010970335  0.0060323407  0.0161030878  0.0340296554  0.0651971871  0.1191293408  0.2116738402  0.3685611864  0.6310911841  1.0651302197  1.7759219387  2.9355854175  4.8489747172  8.2038646820
t_q   14      0.7E+03
  0.0008322695  0.0046041779  0.0124421376  0.0267964432  0.0525661415  0.0984912639  0.1793334990  0.3194864137  0.5587657706  0.9616156946  1.6322722753  2.7426945318  4.5986103521  7.8885292428
t_q   14      0.1E+04
  0.0006207558  0.0034593750  0.0094888452  0.0209005467  0.0421152121  0.0811052525  0.1515714967  0.2765844307  0.4944571461  0.8681492268  1.5007904436  2.5640827986  4.3646061500  7.5917614755
t_q   14      0.2E+04
  0.0003510368  0.0019913703  0.0056609556  0.0131208338  0.0279788053  0.0569166590  0.1118433746  0.2135401128  0.3976338058  0.7243220713  1.2945431455  2.2792966516  3.9865887787  7.1077410217
t_q   14      0.3E+04
  0.0002516320  0.0014463967  0.0042192863  0.0101195652  0.0223521001  0.0469651667  0.0949761173  0.1859949564  0.3542301980  0.6583664765  1.1980745909  2.1438544125  3.8044083661  6.8722249362
t_q   14      0.4E+04
  0.0001987979  0.0011552666  0.0034409963  0.0084711219  0.0191961515  0.0412654468  0.0851279933  0.1696344295  0.3280570368  0.6180615251  1.1384402925  2.0593131982  3.6898183295  6.7232681806
t_q   14      0.5E+04
  0.0001656551  0.0009719041  0.0029465718  0.0074093762  0.0171307513  0.0374775401  0.0784921372  0.1584754097  0.3100135420  0.5900153839  1.0966083911  1.9996081151  3.6084591234  6.6171039434
t_q   14      0.7E+04
  0.0001259399  0.0007511606  0.0023452526  0.0060974369  0.0145334810  0.0326353622  0.0698852450  0.1438170738  0.2860481254  0.5524038197  1.0400418005  1.9183099739  3.4970663805  6.4711800508
t_q   14      0.1E+05
  0.0000943250  0.0005743349  0.0018566487  0.0050085419  0.0123291276  0.0284417237  0.0622988807  0.1306990308  0.2643170553  0.5179082172  0.9876519995  1.8423980005  3.3923836281  6.3334194941
t_q   14      0.2E+05
  0.0000541149  0.0003471295  0.0012134406  0.0035264447  0.0092288792  0.0223725361  0.0510485733  0.1108359954  0.2308180076  0.4639056583  0.9045470099  1.7206496388  3.2230371376  6.1091989540
t_q   14      0.3E+05
  0.0000393009  0.0002623153  0.0009655316  0.0029321050  0.0079401347  0.0197726490  0.0461073663  0.1019272143  0.2155236493  0.4388730436  0.8655243916  1.6628681649  3.1419923616  6.0012623404
t_q   14      0.5E+05
  0.0000264748  0.0001879969  0.0007418596  0.0023783054  0.0067060613  0.0172274021  0.0411818193  0.0929123130  0.1998499666  0.4129423000  0.8247322320  1.6020104793  3.0561305576  5.8864401090
t_q   14      0.1E+06
  0.0000158309  0.0001252060  0.0005448204  0.0018700888  0.0055359962  0.0147513404  0.0362900414  0.0838056082  0.1837896860  0.3860505720  0.7819973916  1.5377196273  2.9648334156  5.7637950605
t_q   14      0.2E+06
  0.0000098791  0.0000892112  0.0004259200  0.0015496892  0.0047736712  0.0130969944  0.0329559140  0.0774973163  0.1725140717  0.3669562475  0.7513652469  1.4912765733  2.8984822282  5.6742876198
t_q   14      0.3E+06
  0.0000077533  0.0000760520  0.0003806666  0.0014239784  0.0044679724  0.0124226651  0.0315794488  0.0748660946  0.1677709582  0.3588671753  0.7383113916  1.4713888416  2.8699627639  5.6357151225
t_q   14      0.4E+06
  0.0000066961  0.0000694099  0.0003573219  0.0013581310  0.0043061301  0.0120628335  0.0308404343  0.0734464477  0.1652015034  0.3544703630  0.7311960173  1.4605235201  2.8543539074  5.6145782488
t_q   14      0.5E+06
  0.0000061203  0.0000657561  0.0003443098  0.0013211025  0.0042145628  0.0118583314  0.0304189717  0.0726345648  0.1637287035  0.3519453450  0.7271033024  1.4542657643  2.8453551613  5.6023840928
t_q   14      0.7E+06
  0.0000057793  0.0000635782  0.0003364910  0.0012987332  0.0041590436  0.0117340040  0.0301622121  0.0721391388  0.1628287566  0.3504007079  0.7245973002  1.4504311395  2.8398376292  5.5949042430
t_q   15      0.1E+02
  0.0222363742  0.1179176692  0.2932181611  0.5539290777  0.9091507799  1.3722908032  1.9625022214  2.7067233857  3.6425339141  4.8222835929  6.3196587298  8.2417775369 10.7556773356 14.1604753426 19.1750635168
t_q   15      0.2E+02
  0.0133199864  0.0708357967  0.1770754400  0.3372094560  0.5596497412  0.8572651841  1.2491004136  1.7626491361  2.4367709099  3.3256722098  4.5052027162  6.0845927693  8.2321905232 11.2452663855 15.8274909306
t_q   15      0.3E+02
  0.0097706840  0.0520656003  0.1306478368  0.2502493155  0.4187480145  0.6484848685  0.9580829940  1.3747544144  1.9371818080  2.6994958848  3.7376744793  5.1613963890  7.1396285747  9.9693937760 14.3484779275
t_q   15      0.4E+02
  0.0078140833  0.0417064350  0.1049725241  0.2020201597  0.3403153506  0.5317496825  0.7944899302  1.1552671368  1.6522434452  2.3390686809  3.2914576994  4.6192066650  6.4917334024  9.2062044496 13.4572444522
t_q   15      0.5E+02
  0.0065589737  0.0350550854  0.0884595858  0.1709281913  0.2895971214  0.4559750943  0.6877928533  1.0112643890  1.4639620940  2.0989787921  2.9916804481  4.2518719911  6.0493272188  8.6814711877 12.8409564352
t_q   15      0.6E+02
  0.0056788703  0.0303873265  0.0768546492  0.1490327846  0.2537854202  0.4022900809  0.6118736806  0.9082474520  1.3284052305  1.9248935323  2.7727204967  3.9816530453  5.7217548100  8.2907395888 12.3799185669
t_q   15      0.7E+02
  0.0050242744  0.0269131431  0.0682062998  0.1326861737  0.2269855620  0.3619911699  0.5546589944  0.8302275838  1.2251474743  1.7914531635  2.6038082336  3.7719182049  5.4660873572  7.9843185171 12.0169576608
t_q   15      0.8E+02
  0.0045165374  0.0242166964  0.0614863975  0.1199639025  0.2060825488  0.3304703766  0.5097429488  0.7686998504  1.1432889758  1.6850715530  2.4683859600  3.6028637238  5.2590120106  7.7351118438 11.7207866996
t_q   15      0.9E+02
  0.0041101270  0.0220571300  0.0560989284  0.1097490263  0.1892657547  0.3050446107  0.4733880520  0.7186895877  1.0764340400  1.5977464735  2.3566601731  3.4627257321  5.0866235332  7.5268981404 11.4726163407
t_q   15      0.1E+03
  0.0037767637  0.0202847834  0.0516732608  0.1013462127  0.1754064696  0.2840385872  0.4432561489  0.6770770588  1.0205594159  1.5244258129  2.2624235257  3.3440185072  4.9400406000  7.3492824024 11.2603722455
t_q   15      0.2E+03
  0.0021545258  0.0116436501  0.0300215936  0.0600297577  0.1067865632  0.1790529517  0.2908199897  0.4634860058  0.7291591910  1.1357391475  1.7548471860  2.6951161158  4.1281869152  6.3546659737 10.0614643180
t_q   15      0.3E+03
  0.0015467043  0.0083952816  0.0218334981  0.0442655123  0.0802749348  0.1377946024  0.2296169464  0.3756070866  0.6061451902  0.9674225764  1.5296736238  2.4008394967  3.7528692640  5.8874881289  9.4913359153
t_q   15      0.4E+03
  0.0012213088  0.0066522128  0.0174210361  0.0357153196  0.0657608477  0.1149208824  0.1951651704  0.3253123101  0.5345514315  0.8678657430  1.3944649527  2.2217212147  3.5217221727  5.5969790206  9.1341806529
t_q   15      0.5E+03
  0.0010163655  0.0055523279  0.0146272133  0.0302730130  0.0564510823  0.1000982261  0.1725709802  0.2919086143  0.4864039251  0.8001129679  1.3014354844  2.0972637458  3.3597478568  5.3919954067  8.8808449537
t_q   15      0.6E+03
  0.0008744958  0.0047897439  0.0126845372  0.0264715244  0.0499047967  0.0895847120  0.1563859893  0.2677347396  0.4512116353  0.7501246982  1.2322057652  2.0039333213  3.2374803344  5.2364298102  8.6878037141
t_q   15      0.7E+03
  0.0007699970  0.0042272630  0.0112479671  0.0236490751  0.0450157333  0.0816731940  0.1441034743  0.2492317095  0.4240516392  0.7112470016  1.1779826381  1.9303738608  3.1405939911  5.1126181850  8.5336606462
t_q   15      0.8E+03
  0.0006895611  0.0037937713  0.0101383024  0.0214609580  0.0412052639  0.0754655648  0.1343950642  0.2344981728  0.4022718771  0.6798660151  1.1339537646  1.8703271768  3.0611464207  5.0107183382  8.4064479211
t_q   15      0.9E+03
  0.0006255780  0.0034485635  0.0092527901  0.0197090055  0.0381394934  0.0704408742  0.1264852817  0.2224163364  0.3843020768  0.6538272043  1.0972315718  1.8200161955  2.9943196982  4.9247349165  8.2988518305
t_q   15      0.1E+04
  0.0005733678  0.0031665857  0.0085280855  0.0182707635  0.0356113865  0.0662745665  0.1198882171  0.2122814421  0.3691460182  0.6317554902  1.0659628718  1.7770046979  2.9369927346  4.8507701847  8.2061044497
t_q   15      0.2E+04
  0.0003230240  0.0018095715  0.0050161890  0.0112212888  0.0230170411  0.0451147565  0.0857044984  0.1587370999  0.2876082176  0.5110180595  0.8923202703  1.5349453621  2.6106708645  4.4258490016  7.6696259661
t_q   15      0.3E+04
  0.0002309479  0.0013072884  0.0037002878  0.0085257833  0.0180659573  0.0365339066  0.0714083394  0.1356885480  0.2515721315  0.4563724471  0.8120423512  1.4209334533  2.4545240139  4.2199332485  7.4072221155
t_q   15      0.4E+04
  0.0001820783  0.0010395111  0.0029925180  0.0070545320  0.0153116412  0.0316633381  0.0631367386  0.1221173957  0.2300168022  0.4232217341  0.7627288970  1.3501284949  2.3566519254  4.0899108320  7.2406374424
t_q   15      0.5E+04
  0.0001514564  0.0008711260  0.0025442362  0.0061115723  0.0135201560  0.0284475634  0.0575988032  0.1129165520  0.2152382813  0.4002657944  0.7282787055  1.3002835552  2.2873048529  3.9973073735  7.1215488771
t_q   15      0.6E+04
  0.0001303310  0.0007546147  0.0022321299  0.0054484287  0.0122450025  0.0261311329  0.0535658283  0.1061504639  0.2042761734  0.3831072245  0.7023544400  1.2625539647  2.2345533125  3.9265876434  7.0303439652
t_q   15      0.7E+04
  0.0001148082  0.0006687804  0.0020009370  0.0049528792  0.0112823280  0.0243649356  0.0504631661  0.1009037065  0.1957159032  0.3696251344  0.6818738938  1.2326061877  2.1925153876  3.8700528922  6.9572668947
t_q   15      0.8E+04
  0.0001028813  0.0006026772  0.0018220067  0.0045663474  0.0105247448  0.0229632114  0.0479820641  0.0966799895  0.1887842739  0.3586516625  0.6651285739  1.2080240391  2.1578952261  3.8233719362  6.8968130432
t_q   15      0.9E+04
  0.0000934069  0.0005500574  0.0016789265  0.0042550760  0.0099098689  0.0218171234  0.0459401421  0.0931839436  0.1830179616  0.3494826684  0.6510827012  1.1873356150  2.1286767961  3.7838867201  6.8455960409
t_q   15      0.1E+05
  0.0000856840  0.0005070832  0.0015615828  0.0039981485  0.0093987694  0.0208582420  0.0442219156  0.0902273276  0.1781199701  0.3416644402  0.6390657648  1.1695841605  2.1035450463  3.7498584978  6.8013961440
t_q   15      0.2E+05
  0.0000487392  0.0003001059  0.0009876739  0.0027127851  0.0067804180  0.0158388488  0.0350567476  0.0741965796  0.1511818735  0.2981257085  0.5714107430  1.0686962419  1.9595754022  3.5536970420  6.5454496859
t_q   15      0.3E+05
  0.0000351694  0.0002231915  0.0007685349  0.0022034377  0.0057045634  0.0137103720  0.0310647168  0.0670528064  0.1389393530  0.2779994035  0.5396720622  1.0207642900  1.8904483145  3.4587222981  6.4207919603
t_q   15      0.4E+05
  0.0000279625  0.0001820095  0.0006489024  0.0019185523  0.0050893582  0.0124704065  0.0287027696  0.0627704515  0.1315181974  0.2656815095  0.5200852968  0.9909733979  1.8472289820  3.3990655450  6.3422314553
t_q   15      0.5E+05
  0.0000234422  0.0001560121  0.0005722023  0.0017325673  0.0046813076  0.0116371626  0.0270983805  0.0598352509  0.1263925172  0.2571176766  0.5063906919  0.9700434174  1.8167422776  3.3568508191  6.2865155665
t_q   15      0.7E+05
  0.0000180251  0.0001246246  0.0004779421  0.0014994931  0.0041614135  0.0105612027  0.0250037924  0.0559680591  0.1195869011  0.2456715923  0.4879826827  0.9417729177  1.7753968102  3.2994185175  6.2105456345
t_q   15      0.1E+06
  0.0000137132  0.0000993873  0.0004003385  0.0013028887  0.0037140839  0.0096206824  0.0231492899  0.0525076967  0.1134427308  0.2352592044  0.4711278277  0.9157439171  1.7371540183  3.2461043412  6.1398438293
t_q   15      0.2E+06
  0.0000082414  0.0000668283  0.0002964967  0.0010306942  0.0030780395  0.0082552553  0.0204116605  0.0473289667  0.1041412332  0.2193417045  0.4451461229  0.8753351089  1.6774340998  3.1624654656  6.0285686800
t_q   15      0.5E+06
  0.0000045522  0.0000442108  0.0002201146  0.0008208720  0.0025704217  0.0071363513  0.0181210298  0.0429217499  0.0961131832  0.2054392333  0.4222231163  0.8393771128  1.6239146467  3.0870953869  5.9279061452
t_q   15      0.1E+07
  0.0000033590  0.0000366453  0.0001932221  0.0007442365  0.0023801663  0.0067088607  0.0172327134  0.0411919815  0.0929309693  0.1998825809  0.4129965461  0.8248179682  1.6021388901  3.0563122855  5.8866836504
t_q   15      0.2E+07
  0.0000032917  0.0000362116  0.0001916520  0.0007397074  0.0023688276  0.0066832262  0.0171791919  0.0410873651  0.0927379071  0.1995445819  0.4124340750  0.8239287603  1.6008068838  3.0544270605  5.8841569972
