n_q    1      0.2E+01
  2.0009458905
n_q    1      0.3E+01
  1.7376357426
n_q    1      0.4E+01
  1.6015030724
n_q    1      0.5E+01
  1.5216296303
n_q    1      0.6E+01
  1.4730921651
n_q    1      0.7E+01
  1.4448869123
n_q    1      0.8E+01
  1.4314535341
n_q    1      0.9E+01
  1.4290997870
n_q    1      0.1E+02
  1.4290997870
n_q    2      0.2E+01
  1.0724401885  3.2918896544
n_q    2      0.3E+01
  0.8627352799  2.8723614320
n_q    2      0.4E+01
  0.7381177111  2.6510075654
n_q    2      0.5E+01
  0.6544138216  2.5128880396
n_q    2      0.6E+01
  0.5939961100  2.4179735515
n_q    2      0.7E+01
  0.5482353429  2.3484960686
n_q    2      0.8E+01
  0.5123441657  2.2953108404
n_q    2      0.9E+01
  0.4834323382  2.2532140531
n_q    2      0.1E+02
  0.4596450781  2.2190206175
n_q    2      0.2E+02
  0.3456883946  2.0588931990
n_q    2      0.3E+02
  0.3089269873  2.0075705464
n_q    2      0.4E+02
  0.2978387832  1.9920021768
n_q    2      0.5E+02
  0.2976555432  1.9917443679
n_q    3      0.2E+01
  0.7470594125  1.9588903207  4.1617883705
n_q    3      0.3E+01
  0.5926726335  1.6100816778  3.6515813642
n_q    3      0.4E+01
  0.4997308568  1.4071850340  3.3834302980
n_q    3      0.5E+01
  0.4365792105  1.2723305211  3.2151540833
n_q    3      0.6E+01
  0.3904366122  1.1753669470  3.0981972423
n_q    3      0.7E+01
  0.3550308231  1.1018792658  3.0113301164
n_q    3      0.8E+01
  0.3268849164  1.0440277074  2.9437456494
n_q    3      0.9E+01
  0.3039017530  0.9971555181  2.8893365676
n_q    3      0.1E+02
  0.2847348676  0.9583115118  2.8443772255
n_q    3      0.2E+02
  0.1871865945  0.7633857188  2.6169711143
n_q    3      0.3E+02
  0.1489350281  0.6872993150  2.5251745373
n_q    3      0.4E+02
  0.1282763605  0.6457800255  2.4737466774
n_q    3      0.5E+02
  0.1153310757  0.6194232578  2.4405036327
n_q    3      0.6E+02
  0.1065007941  0.6012169550  2.4172446838
n_q    3      0.7E+02
  0.1001553077  0.5879845499  2.4001809700
n_q    3      0.8E+02
  0.0954485615  0.5780719786  2.3873083433
n_q    3      0.9E+02
  0.0918992099  0.5705336658  2.3774665399
n_q    3      0.1E+03
  0.0892157079  0.5647942501  2.3699428172
n_q    3      0.2E+03
  0.0842336965  0.5540364332  2.3557688429
n_q    4      0.2E+01
  0.5753086924  1.4324382751  2.6015042679  4.8372822745
n_q    4      0.3E+01
  0.4540856069  1.1521496451  2.1708186821  4.2622256211
n_q    4      0.4E+01
  0.3809098664  0.9850284834  1.9245224600  3.9613475735
n_q    4      0.5E+01
  0.3311114029  0.8719992880  1.7621447067  3.7722154836
n_q    4      0.6E+01
  0.2946777813  0.7896135615  1.6457432416  3.6401430623
n_q    4      0.7E+01
  0.2666860423  0.7264788634  1.5575123312  3.5414497194
n_q    4      0.8E+01
  0.2444050026  0.6763200420  1.4879051297  3.4641520562
n_q    4      0.9E+01
  0.2261863809  0.6353676828  1.4313117857  3.4014990384
n_q    4      0.1E+02
  0.2109714423  0.6012085214  1.3842061451  3.3493765843
n_q    4      0.2E+02
  0.1329180070  0.4264908534  1.1416477628  3.0780675347
n_q    4      0.3E+02
  0.1016013599  0.3564500077  1.0408682232  2.9620670600
n_q    4      0.4E+02
  0.0842613451  0.3175083683  0.9827580985  2.8938728508
n_q    4      0.5E+02
  0.0731190496  0.2923269497  0.9440309352  2.8478366619
n_q    4      0.6E+02
  0.0653078214  0.2745449433  0.9160037860  2.8142148839
n_q    4      0.7E+02
  0.0595075286  0.2612399364  0.8946057702  2.7883700208
n_q    4      0.8E+02
  0.0550202497  0.2508680510  0.8776426020  2.7677729356
n_q    4      0.9E+02
  0.0514404135  0.2425316806  0.8638140458  2.7509105528
n_q    4      0.1E+03
  0.0485154483  0.2356710457  0.8522950664  2.7368154329
n_q    4      0.2E+03
  0.0346528544  0.2022620233  0.7941993309  2.6650476801
n_q    4      0.3E+03
  0.0300842254  0.1907535376  0.7733295904  2.6389901709
n_q    4      0.4E+03
  0.0284661206  0.1865878163  0.7656572669  2.6293741631
n_q    4      0.5E+03
  0.0283509824  0.1862893386  0.7651050731  2.6286812528
n_q    5      0.2E+01
  0.4683556115  1.1387420741  1.9531818897  3.1153038431  5.3979418510
n_q    5      0.3E+01
  0.3687155778  0.9070179518  1.5911924264  2.6280030891  4.7716680847
n_q    5      0.4E+01
  0.3085046175  0.7677830645  1.3777178717  2.3531329292  4.4453037966
n_q    5      0.5E+01
  0.2675144938  0.6731648185  1.2341495375  2.1730749988  4.2400491046
n_q    5      0.6E+01
  0.2375213712  0.6039528784  1.1298096471  2.0442936921  4.0963491912
n_q    5      0.7E+01
  0.2144769745  0.5507585162  1.0499538294  1.9466601063  3.9885928170
n_q    5      0.8E+01
  0.1961339574  0.5083904836  0.9865228050  1.8695023712  3.9038727784
n_q    5      0.9E+01
  0.1811355568  0.4737218818  0.9347038834  1.8066027817  3.8349340375
n_q    5      0.1E+02
  0.1686100332  0.4447462226  0.8914300222  1.7540776691  3.7773593670
n_q    5      0.2E+02
  0.1043419846  0.2955585665  0.6678313389  1.4788816616  3.4728708917
n_q    5      0.3E+02
  0.0785202297  0.2352291127  0.5755235459  1.3603613273  3.3389033427
n_q    5      0.4E+02
  0.0641814838  0.2015553177  0.5226910879  1.2901011954  3.2584115181
n_q    5      0.5E+02
  0.0549289685  0.1797226085  0.4876092684  1.2421875650  3.2030368199
n_q    5      0.6E+02
  0.0484092394  0.1642667164  0.4622317543  1.2068045802  3.1618887678
n_q    5      0.7E+02
  0.0435404641  0.1526714078  0.4428218964  1.1792923813  3.1297433722
n_q    5      0.8E+02
  0.0397514332  0.1436062765  0.4273835064  1.1571122334  3.1037318964
n_q    5      0.9E+02
  0.0367103116  0.1362975085  0.4147426140  1.1387451937  3.0821271502
n_q    5      0.1E+03
  0.0342103035  0.1302622961  0.4041584156  1.1232181675  3.0638169729
n_q    5      0.2E+03
  0.0219924132  0.1002064225  0.3489637352  1.0398862720  2.9648211490
n_q    5      0.3E+03
  0.0174282312  0.0885516447  0.3261206213  1.0041414563  2.9219747649
n_q    5      0.4E+03
  0.0150187615  0.0822228451  0.3132830924  0.9837032819  2.8973695770
n_q    5      0.5E+03
  0.0135371869  0.0782451714  0.3050398443  0.9704412982  2.8813614471
n_q    5      0.6E+03
  0.0125497022  0.0755480278  0.2993684654  0.9612526221  2.8702502163
n_q    5      0.7E+03
  0.0118636638  0.0736487157  0.2953333596  0.9546824601  2.8622952933
n_q    5      0.8E+03
  0.0113813497  0.0722993079  0.2924451939  0.9499630029  2.8565759204
n_q    5      0.9E+03
  0.0110493997  0.0713632054  0.2904310342  0.9466633545  2.8525745410
n_q    5      0.1E+04
  0.0108382727  0.0707644978  0.2891382091  0.9445417263  2.8500005633
n_q    5      0.2E+04
  0.0107186011  0.0704239357  0.2884012053  0.9433310105  2.8485313369
n_q    6      0.2E+01
  0.3951503587  0.9483584804  1.5813287669  2.3797403876  3.5481339356  5.8817260742
n_q    6      0.3E+01
  0.3106082604  0.7514093561  1.2720076125  1.9595162536  3.0177199430  5.2126406909
n_q    6      0.4E+01
  0.2594925337  0.6326994282  1.0873449642  1.7143811393  2.7218526271  4.8651609155
n_q    6      0.5E+01
  0.2246903767  0.5519095844  0.9622019394  1.5504627856  2.5290208570  4.6466141586
n_q    6      0.6E+01
  0.1992262262  0.4927625880  0.8707649507  1.4316823090  2.3913395542  4.4933628695
n_q    6      0.7E+01
  0.1796637646  0.4472783219  0.8005082241  1.3408813762  2.2869350476  4.3781845744
n_q    6      0.8E+01
  0.1640946104  0.4110362408  0.7445371549  1.2687558324  2.2043138776  4.2874025675
n_q    6      0.9E+01
  0.1513663895  0.3813705833  0.6987115135  1.2097848806  2.1368239386  4.2133423985
n_q    6      0.1E+02
  0.1407385838  0.3565694201  0.6603802617  1.1604682915  2.0803301183  4.1513349861
n_q    6      0.2E+02
  0.0862496741  0.2287552314  0.4619231653  0.9029137916  1.7807264425  3.8200570281
n_q    6      0.3E+02
  0.0643875392  0.1769925533  0.3803989314  0.7936758834  1.6486087888  3.6716777533
n_q    6      0.4E+02
  0.0522574742  0.1480796994  0.3341395293  0.7296921876  1.5689274489  3.5813517206
n_q    6      0.5E+02
  0.0444334182  0.1293308348  0.3036711755  0.6863985328  1.5138503087  3.5185424210
n_q    6      0.6E+02
  0.0389207539  0.1160606055  0.2817827958  0.6545864706  1.4727168297  3.4714354715
n_q    6      0.7E+02
  0.0348032176  0.1061085857  0.2651359723  0.6299268946  1.4404181621  3.4343276793
n_q    6      0.8E+02
  0.0315973345  0.0983312505  0.2519549389  0.6100807114  1.4141485423  3.4040697464
n_q    6      0.9E+02
  0.0290224356  0.0920629963  0.2412003863  0.5936581793  1.3922177274  3.3787565045
n_q    6      0.1E+03
  0.0269037503  0.0868884035  0.2322198469  0.5797744666  1.3735366551  3.3571561545
n_q    6      0.2E+03
  0.0164846314  0.0611067628  0.1855559934  0.5047457845  1.2702004012  3.2370283690
n_q    6      0.3E+03
  0.0125220874  0.0510449651  0.1660665775  0.4717249695  1.2233401904  3.1821812880
n_q    6      0.4E+03
  0.0103875843  0.0455094300  0.1548849635  0.4522533545  1.1952746786  3.1492145202
n_q    6      0.5E+03
  0.0090407516  0.0419530266  0.1474881551  0.4391435241  1.1761879349  3.1267420244
n_q    6      0.6E+03
  0.0081091386  0.0394541020  0.1421765734  0.4296107975  1.1622091695  3.1102558316
n_q    6      0.7E+03
  0.0074247323  0.0375927111  0.1381527530  0.4223205987  1.1514604702  3.0975627662
n_q    6      0.8E+03
  0.0069001547  0.0361483830  0.1349880105  0.4165440393  1.1429068035  3.0874514748
n_q    6      0.9E+03
  0.0064853094  0.0349935860  0.1324294706  0.4118457658  1.1359254669  3.0791919319
n_q    6      0.1E+04
  0.0061493506  0.0340491288  0.1303175044  0.4079481558  1.1301170634  3.0723153218
n_q    6      0.2E+04
  0.0046569406  0.0297242861  0.1204049484  0.3894115976  1.1022784500  3.0392951654
n_q    6      0.3E+04
  0.0044122354  0.0289892203  0.1186779114  0.3861395125  1.0973265612  3.0334106112
n_q    7      0.2E+01
  0.3418302742  0.8139373976  1.3352973461  1.9505008994  2.7444403924  3.9247848246  6.3099568403
n_q    7      0.3E+01
  0.2684261109  0.6428494301  1.0661026046  1.5833307839  2.2798283995  3.3594350485  5.6037743687
n_q    7      0.4E+01
  0.2240295951  0.5395688431  0.9044919147  1.3657443365  2.0115246527  3.0469664839  5.2381022967
n_q    7      0.5E+01
  0.1938010080  0.4692435586  0.7946376597  1.2188241998  1.8330663504  2.8441417219  5.0081428000
n_q    7      0.6E+01
  0.1716847870  0.4177512783  0.7142178764  1.1116696393  1.7040902636  2.6995153647  4.8467140324
n_q    7      0.7E+01
  0.1546963292  0.3781553650  0.6523457119  1.0293972456  1.6055887319  2.5898198883  4.7251978063
n_q    7      0.8E+01
  0.1411776891  0.3466092768  0.6030088290  0.9638568128  1.5273335780  2.5029176530  4.6292517535
n_q    7      0.9E+01
  0.1301275574  0.3207919173  0.5625882014  0.9101727576  1.4632925602  2.4318199117  4.5508383568
n_q    7      0.1E+02
  0.1209024409  0.2992121471  0.5287623608  0.8652325406  1.4096599454  2.3721982300  4.4850705609
n_q    7      0.2E+02
  0.0736409438  0.1880960776  0.3535856123  0.6310263698  1.1268723268  2.0532076958  4.1312146141
n_q    7      0.3E+02
  0.0547081237  0.1431673362  0.2818519061  0.5330147208  1.0042678372  1.9102105077  3.9707839278
n_q    7      0.4E+02
  0.0442163444  0.1180995323  0.2413652024  0.4763952041  0.9312065231  1.8229592257  3.8722630502
n_q    7      0.5E+02
  0.0374556862  0.1018584053  0.2148511026  0.4385126250  0.8811012602  1.7621025261  3.8032676122
n_q    7      0.6E+02
  0.0326960774  0.0903720874  0.1959082815  0.4109239118  0.8438800600  1.7163114230  3.7512051733
n_q    7      0.7E+02
  0.0291433465  0.0817642335  0.1815754005  0.3896901973  0.8147620353  1.6801229596  3.7099722173
n_q    7      0.8E+02
  0.0263787173  0.0750421509  0.1702797882  0.3726996355  0.7911419755  1.6505212212  3.6761865419
n_q    7      0.9E+02
  0.0241592217  0.0696282195  0.1611029162  0.3587065401  0.7714604530  1.6256811668  3.6477955931
n_q    7      0.1E+03
  0.0223336426  0.0651620107  0.1534694845  0.3469229620  0.7547179370  1.6044221299  3.6234684848
n_q    7      0.2E+03
  0.0133615547  0.0429728469  0.1143029399  0.2838881267  0.6622322842  1.4847175320  3.4859753730
n_q    7      0.3E+03
  0.0099434777  0.0343511107  0.0981869860  0.2563375497  0.6200522686  1.4287348681  3.4213578344
n_q    7      0.4E+03
  0.0080939178  0.0296137712  0.0889710554  0.2400346224  0.5945144840  1.3943733291  3.3815881303
n_q    7      0.5E+03
  0.0069203048  0.0265678982  0.0828637474  0.2289794141  0.5769324424  1.3704988341  3.3539045748
n_q    7      0.6E+03
  0.0061035797  0.0244232192  0.0784589868  0.2208702419  0.5638921330  1.3526720019  3.3332048728
n_q    7      0.7E+03
  0.0054997335  0.0228205583  0.0751020959  0.2146086970  0.5537362829  1.3387155190  3.3169815641
n_q    7      0.8E+03
  0.0050337173  0.0215715572  0.0724425269  0.2095952536  0.5455484720  1.3274159182  3.3038349431
n_q    7      0.9E+03
  0.0046623734  0.0205672519  0.0702737397  0.2054711369  0.5387744815  1.3180345909  3.2929120497
n_q    7      0.1E+04
  0.0043590321  0.0197399376  0.0684653141  0.2020068374  0.5330567090  1.3100924544  3.2836589740
n_q    7      0.2E+04
  0.0029076880  0.0156597957  0.0592095502  0.1838875601  0.5027200930  1.2675787498  3.2340325902
n_q    7      0.3E+04
  0.0023891360  0.0141270708  0.0555607732  0.1765507108  0.4902176681  1.2498655912  3.2133062542
n_q    7      0.4E+04
  0.0021345887  0.0133516115  0.0536724306  0.1727066837  0.4836135984  1.2404615899  3.2022901937
n_q    7      0.5E+04
  0.0020013111  0.0129378909  0.0526524726  0.1706164960  0.4800066743  1.2353112694  3.1962532852
n_q    7      0.6E+04
  0.0019443655  0.0127592807  0.0522093510  0.1697052986  0.4784306996  1.2330577487  3.1936109525
n_q    7      0.7E+04
  0.0019398222  0.0127449811  0.0521738009  0.1696321212  0.4783040508  1.2328765454  3.1933984156
n_q    8      0.1E+02
  0.1060264691  0.2585290567  0.4435891050  0.6929754149  1.0604512559  1.6406263618  2.6364875094  4.7875207638
n_q    8      0.2E+02
  0.0643091646  0.1604657999  0.2880804447  0.4816504190  0.7991696608  1.3381266057  2.3014174413  4.4140627078
n_q    8      0.3E+02
  0.0476193831  0.1209066724  0.2245974894  0.3939685643  0.6878199174  1.2046845144  2.1494044056  4.2432459544
n_q    8      0.4E+02
  0.0383807437  0.0988727723  0.1888951021  0.3438325244  0.6224537876  1.1241351163  2.0558777824  4.1376874678
n_q    8      0.5E+02
  0.0324331425  0.0846168152  0.1656001458  0.3106025687  0.5781375786  1.0683503217  1.9902248502  4.0633908158
n_q    8      0.6E+02
  0.0282493397  0.0745460391  0.1490178202  0.2866012945  0.5455078206  1.0265829921  1.9405634731  4.0070879827
n_q    8      0.7E+02
  0.0251286437  0.0670064982  0.1365152448  0.2682605974  0.5201604753  0.9936935210  1.9011380242  3.9623285504
n_q    8      0.8E+02
  0.0227017560  0.0611239009  0.1266953566  0.2536760884  0.4997158188  0.9668633390  1.8687591398  3.9255289517
n_q    8      0.9E+02
  0.0207545162  0.0563898986  0.1187430253  0.2417297706  0.4827599837  0.9443959762  1.8414905486  3.8945094082
n_q    8      0.1E+03
  0.0191536972  0.0524874992  0.1121483177  0.2317178192  0.4683927367  0.9251988674  1.8180761380  3.8678537676
n_q    8      0.2E+03
  0.0112997081  0.0331538460  0.0786965757  0.1789636494  0.3899113717  0.8174921433  1.6846079042  3.7155370265
n_q    8      0.3E+03
  0.0083147701  0.0256810206  0.0651854465  0.1563410801  0.3545343632  0.7671776008  1.6209236464  3.6426182432
n_q    8      0.4E+03
  0.0067008876  0.0215908496  0.0575423156  0.1430624603  0.3331842059  0.7362076093  1.5812540713  3.5971080384
n_q    8      0.5E+03
  0.0056765955  0.0189684286  0.0525102585  0.1340894634  0.3184836575  0.7145967548  1.5533459982  3.5650469439
n_q    8      0.7E+03
  0.0044348751  0.0157499318  0.0461450867  0.1224336447  0.2990278393  0.6856106320  1.5156041931  3.5216267135
n_q    8      0.1E+04
  0.0034335761  0.0131080577  0.0407113742  0.1121716653  0.2815304358  0.6591413831  1.4808119960  3.4815321033
n_q    8      0.2E+04
  0.0021430462  0.0095934513  0.0330567547  0.0971319794  0.2551846774  0.6185015006  1.4267377848  3.4190751095
n_q    8      0.3E+04
  0.0016651968  0.0082344959  0.0299132584  0.0907228736  0.2436730155  0.6004207195  1.4024065781  3.3909109013
n_q    8      0.4E+04
  0.0014125662  0.0074937693  0.0281426446  0.0870442923  0.2369808061  0.5898121474  1.3880475721  3.3742707590
n_q    8      0.5E+04
  0.0012560128  0.0070239047  0.0269953790  0.0846323404  0.2325573563  0.5827590540  1.3784658862  3.3631587036
n_q    8      0.7E+04
  0.0010744332  0.0064652733  0.0256044015  0.0816762846  0.2270959749  0.5740045808  1.3665329241  3.3493104419
n_q    8      0.1E+05
  0.0009464737  0.0060603142  0.0245761509  0.0794675792  0.2229854620  0.5673808117  1.3574743206  3.3387907492
n_q    8      0.2E+05
  0.0008991680  0.0059076941  0.0241839922  0.0786197300  0.2214005640  0.5648187067  1.3539633387  3.3347117690
n_q    9      0.1E+02
  0.0944408180  0.2279868255  0.3835833446  0.5808769624  0.8513259964  1.2461698737  1.8552456497  2.8782542842  5.0648647750
n_q    9      0.2E+02
  0.0571068968  0.1403046002  0.2442888425  0.3900028094  0.6117598937  0.9636093287  1.5367428589  2.5294131477  4.6740157376
n_q    9      0.3E+02
  0.0421868133  0.1050116170  0.1876064252  0.3112629686  0.5109461868  0.8412092785  1.3943134569  2.3697175189  4.4940473157
n_q    9      0.4E+02
  0.0339352598  0.0853875404  0.1558201128  0.2665467534  0.4525182571  0.7683860176  1.3074948147  2.2708533076  4.3823089012
n_q    9      0.5E+02
  0.0286272690  0.0727085059  0.1351357561  0.2371065680  0.4133327298  0.7184889744  1.2469241957  2.2011224301  4.3033668025
n_q    9      0.6E+02
  0.0248959722  0.0637623571  0.1204491051  0.2159745479  0.3847391931  0.6814342485  1.2013063906  2.1481696097  4.2433533132
n_q    9      0.7E+02
  0.0221145239  0.0570717255  0.1094026520  0.1999182473  0.3626940710  0.6524437931  1.1652087065  2.1059899831  4.1955111715
n_q    9      0.8E+02
  0.0199526784  0.0518563004  0.1007466087  0.1872164941  0.3450262462  0.6289183402  1.1356374021  2.0712467278  4.1560789672
n_q    9      0.9E+02
  0.0182189939  0.0476627110  0.0937524260  0.1768615463  0.3304536626  0.6093043202  1.1107832014  2.0419093040  4.1227649448
n_q    9      0.1E+03
  0.0167944177  0.0442084363  0.0879647290  0.1682207520  0.3181646277  0.5926071687  1.0894766159  2.0166575313  4.0940777440
n_q    9      0.2E+03
  0.0098170280  0.0271418312  0.0588555405  0.1233686937  0.2520334256  0.4999564200  0.9685402484  1.8714190637  3.9288430704
n_q    9      0.3E+03
  0.0071726984  0.0205765889  0.0472784448  0.1045511951  0.2227845286  0.4572258465  0.9110357207  1.8011087998  3.8486906071
n_q    9      0.4E+03
  0.0057455219  0.0169957485  0.0407999991  0.0936390097  0.2052932850  0.4310646867  0.8752159980  1.7568568253  3.7981800919
n_q    9      0.5E+03
  0.0048408423  0.0147065499  0.0365691796  0.0863219618  0.1933129417  0.4128560803  0.8499869027  1.7254635479  3.7623132070
n_q    9      0.7E+03
  0.0037452979  0.0119065365  0.0312620575  0.0768822495  0.1775211901  0.3884622797  0.8157768943  1.6825795696  3.7132685722
n_q    9      0.1E+04
  0.0028624090  0.0096180997  0.0267727107  0.0686213572  0.1633526776  0.3661615356  0.7840601807  1.6424763479  3.6673470190
n_q    9      0.2E+04
  0.0017219984  0.0065884426  0.0204962748  0.0565294509  0.1419270751  0.3315985864  0.7339849282  1.5784277751  3.5938760022
n_q    9      0.3E+04
  0.0012962831  0.0054180645  0.0179136341  0.0513232222  0.1324094929  0.3158801152  0.7108062282  1.5484532019  3.5594302119
n_q    9      0.4E+04
  0.0010688850  0.0047768063  0.0164437572  0.0482872061  0.1267659789  0.3064418544  0.6967562348  1.5301758900  3.5384053952
n_q    9      0.5E+04
  0.0009260628  0.0043656639  0.0154761375  0.0462564321  0.1229495140  0.3000063119  0.6871166160  1.5175870790  3.5239144130
n_q    9      0.7E+04
  0.0007552936  0.0038622717  0.0142598450  0.0436642852  0.1180264413  0.2916386422  0.6745080483  1.5010591549  3.5048765059
n_q    9      0.1E+05
  0.0006208595  0.0034534126  0.0132423168  0.0414591277  0.1137899307  0.2843755027  0.6634927641  1.4865608255  3.4881641795
n_q    9      0.2E+05
  0.0004630195  0.0029518668  0.0119512796  0.0386083433  0.1082420435  0.2747719532  0.6488225767  1.4671639227  3.4657866038
n_q    9      0.3E+05
  0.0004354299  0.0028608520  0.0117112914  0.0380713875  0.1071875873  0.2729343308  0.6460013499  1.4634218816  3.4614670015
n_q   10      0.1E+02
  0.0851548885  0.2041221377  0.3387624704  0.5020218013  0.7136389791  1.0042283384  1.4225951253  2.0553775440  3.1013168392  5.3215604241
n_q   10      0.2E+02
  0.0513720958  0.1248594580  0.2128344130  0.3287926284  0.4942264205  0.7420669272  1.1227892497  1.7234803773  2.7403911047  4.9150273554
n_q   10      0.3E+02
  0.0378829891  0.0930163245  0.1617466336  0.2576551953  0.4026941950  0.6301925993  0.9910799608  1.5734470165  2.5740012849  4.7268570117
n_q   10      0.4E+02
  0.0304283543  0.0753370830  0.1331690521  0.2174481194  0.3501479373  0.5645330070  0.9118556552  1.4812981052  2.4704999769  4.6095978515
n_q   10      0.5E+02
  0.0256360765  0.0639288722  0.1146131232  0.1910990221  0.3152112267  0.5200333749  0.8571142203  1.4166433884  2.3972309880  4.5265143424
n_q   10      0.6E+02
  0.0222692249  0.0558880663  0.1014636557  0.1722689306  0.2899119020  0.4872765570  0.8161879929  1.3677291102  2.3414239803  4.4631975324
n_q   10      0.7E+02
  0.0197607385  0.0498802317  0.0915913971  0.1580208842  0.2705366518  0.4618333919  0.7839904120  1.3288768435  2.2968563750  4.4126139218
n_q   10      0.8E+02
  0.0178119646  0.0452010430  0.0838686860  0.1467933492  0.2550997773  0.4413114003  0.7577390458  1.2969458550  2.2600630049  4.3708423865
n_q   10      0.9E+02
  0.0162498299  0.0414415426  0.0776387647  0.1376735144  0.2424335959  0.4242897948  0.7357627394  1.2700319871  2.2289313490  4.3354907748
n_q   10      0.1E+03
  0.0149667333  0.0383470288  0.0724914644  0.1300892819  0.2318018689  0.4098643132  0.7169870732  1.2469010750  2.2020857412  4.3050004879
n_q   10      0.2E+03
  0.0086915766  0.0230969157  0.0467619443  0.0912152273  0.1754696415  0.3309435154  0.6115252378  1.1144275238  2.0466210508  4.1283173288
n_q   10      0.3E+03
  0.0063194806  0.0172560048  0.0366472048  0.0752354171  0.1510870545  0.2952035614  0.5620186887  1.0505752343  1.9705361919  4.0417630246
n_q   10      0.4E+03
  0.0050414887  0.0140800055  0.0310367263  0.0660863849  0.1366765837  0.2735256664  0.5313705135  1.0104385988  1.9222796167  3.9868277185
n_q   10      0.5E+03
  0.0042324686  0.0120546371  0.0273986416  0.0600063698  0.1268815804  0.2585247943  0.5098606011  0.9819685016  1.8878328907  3.9475916782
n_q   10      0.7E+03
  0.0032542050  0.0095845715  0.0228716369  0.0522328218  0.1140629705  0.2385322998  0.4807761162  0.9430492835  1.8404331172  3.8935670915
n_q   10      0.1E+04
  0.0024672465  0.0075740394  0.0190813545  0.0454979068  0.1026467684  0.2203438450  0.4538648782  0.9065719039  1.7956602125  3.8424941566
n_q   10      0.2E+04
  0.0014526808  0.0049297472  0.0138551513  0.0357468212  0.0854970859  0.1922337452  0.4113201462  0.8478938112  1.7228690043  3.7593552655
n_q   10      0.3E+04
  0.0010738805  0.0039152313  0.0117284582  0.0315715503  0.0778819588  0.1794002209  0.3914628342  0.8200399624  1.6879552117  3.7194242684
n_q   10      0.4E+04
  0.0008710259  0.0033608319  0.0105209016  0.0291318793  0.0733425280  0.1716321959  0.3792963223  0.8028142822  1.6662385946  3.6945668905
n_q   10      0.5E+04
  0.0007431794  0.0030055421  0.0097249570  0.0274923139  0.0702505968  0.1662865451  0.3708552468  0.7907883038  1.6510183817  3.6771356408
n_q   10      0.7E+04
  0.0005894337  0.0025697219  0.0087192982  0.0253806037  0.0662150923  0.1592383501  0.3596358039  0.7747051418  1.6305850484  3.6537205360
n_q   10      0.1E+05
  0.0004668500  0.0022125831  0.0078655446  0.0235485349  0.0626612190  0.1529600992  0.3495514361  0.7601490813  1.6120121525  3.6324233182
n_q   10      0.2E+05
  0.0003122983  0.0017420105  0.0066879075  0.0209531490  0.0575330976  0.1437729491  0.3346309406  0.7384301152  1.5841532058  3.6004513613
n_q   10      0.3E+05
  0.0002580491  0.0015680060  0.0062335231  0.0199276589  0.0554734961  0.1400373151  0.3285052119  0.7294474861  1.5725780733  3.5871573580
n_q   10      0.5E+05
  0.0002208935  0.0014446374  0.0059039637  0.0191745034  0.0539477348  0.1372518873  0.3239144208  0.7226896594  1.5638487675  3.5771277827
n_q   10      0.1E+06
  0.0002188017  0.0014375665  0.0058848744  0.0191306241  0.0538584874  0.1370884682  0.3236444502  0.7222915375  1.5633339391  3.5765361930
n_q   11      0.1E+02
  0.0775418031  0.1849123892  0.3038503049  0.4433256106  0.6164377958  0.8427130346  1.1516837447  1.5901310219  2.2427211749  3.3086113852  5.5609371683
n_q   11      0.2E+02
  0.0466937997  0.1126033802  0.1890391440  0.2851482966  0.4150403333  0.5999483249  0.8710338481  1.2759883243  1.8993330622  2.9368796147  5.1400782864
n_q   11      0.3E+02
  0.0343853828  0.0836001054  0.1425876773  0.2204440783  0.3315518761  0.4974967407  0.7496946754  1.1363279713  1.7427500950  2.7645508616  4.9444585798
n_q   11      0.4E+02
  0.0275873899  0.0675179313  0.1166597881  0.1840049234  0.2839493541  0.4380335127  0.6776838735  1.0515697426  1.6460013695  2.6569503324  4.8222004072
n_q   11      0.5E+02
  0.0232195567  0.0571513182  0.0998552855  0.1602055619  0.2525035439  0.3981171245  0.6284424003  0.9926088267  1.5778155725  2.5805592791  4.7353741399
n_q   11      0.6E+02
  0.0201523470  0.0498513967  0.0879662646  0.1432515276  0.2298666556  0.3689707968  0.5919302614  0.9482919217  1.5260458052  2.5222361903  4.6690760136
n_q   11      0.7E+02
  0.0178680837  0.0444015975  0.0790534342  0.1304614133  0.2126234627  0.3464873699  0.5633974185  0.9132730201  1.4848031157  2.4755646905  4.6160207289
n_q   11      0.8E+02
  0.0160941951  0.0401601742  0.0720906972  0.1204112625  0.1989522182  0.3284599169  0.5402638660  0.8846145384  1.4508208171  2.4369656699  4.5721418768
n_q   11      0.9E+02
  0.0146727602  0.0367546983  0.0664809482  0.1122696684  0.1877844975  0.3135844709  0.5209897018  0.8605452140  1.4221134660  2.4042539240  4.5349558959
n_q   11      0.1E+03
  0.0135056229  0.0339533365  0.0618515718  0.1055161869  0.1784485165  0.3010351534  0.5045904599  0.8399224594  1.3973915223  2.3760047580  4.5028432522
n_q   11      0.2E+03
  0.0078046543  0.0201790395  0.0388177376  0.0712382821  0.1296799650  0.2333959080  0.4136818765  0.7229529177  1.2547944497  2.2115303606  4.3158752147
n_q   11      0.3E+03
  0.0056543295  0.0149238456  0.0298410618  0.0573864042  0.1090165155  0.2033835541  0.3717369601  0.6672646319  1.1853197469  2.1303494112  4.2235788701
n_q   11      0.4E+03
  0.0044976261  0.0120741168  0.0248952789  0.0495477166  0.0969568793  0.1853828690  0.3460084439  0.6324824500  1.1413356299  2.0785533474  4.1646774569
n_q   11      0.5E+03
  0.0037662887  0.0102607533  0.0217061832  0.0443837940  0.0888304727  0.1730191077  0.3280594190  0.6079089945  1.1099636389  2.0414044190  4.1224225985
n_q   11      0.7E+03
  0.0028831912  0.0080547897  0.0177641919  0.0378426248  0.0782870521  0.1566599587  0.3039273297  0.5744369495  1.0668055887  1.9900009360  4.0639355181
n_q   11      0.1E+04
  0.0021740872  0.0062654141  0.0144934344  0.0322384802  0.0689880350  0.1418933622  0.2817301335  0.5431705675  1.0260142896  1.9410767529  4.0082438734
n_q   11      0.2E+04
  0.0012623682  0.0039256527  0.0100465838  0.0242425015  0.0551805151  0.1192702381  0.2468429160  0.4929860866  0.9594751281  1.8604943398  3.9164423269
n_q   11      0.3E+04
  0.0009228839  0.0030346811  0.0082645523  0.0208629228  0.0491040453  0.1089988086  0.2305969093  0.4691265414  0.9273310285  1.8211892895  3.8716236620
n_q   11      0.4E+04
  0.0007412356  0.0025500918  0.0072606523  0.0188983052  0.0454905662  0.1027828885  0.2206244948  0.4543089394  0.9071881654  1.7964239051  3.8433675618
n_q   11      0.5E+04
  0.0006267333  0.0022404994  0.0066017709  0.0175803778  0.0430286753  0.0984970458  0.2136815596  0.4439105541  0.8929659233  1.7788722460  3.8233333460
n_q   11      0.7E+04
  0.0004888590  0.0018616954  0.0057714060  0.0158821609  0.0398065980  0.0928200129  0.2043948993  0.4298908173  0.8736723642  1.7549721270  3.7960404786
n_q   11      0.1E+05
  0.0003785551  0.0015517451  0.0050662754  0.0144023942  0.0369481737  0.0877136969  0.1959481538  0.4170227141  0.8558390892  1.7327854325  3.7706904786
n_q   11      0.2E+05
  0.0002378724  0.0011410911  0.0040820787  0.0122672930  0.0327277877  0.0800397386  0.1830719791  0.3971784009  0.8280912223  1.6980729554  3.7310001753
n_q   11      0.3E+05
  0.0001863790  0.0009832197  0.0036830424  0.0113740785  0.0309236733  0.0767048806  0.1774024738  0.3883477285  0.8156424851  1.6824209713  3.7130913293
n_q   11      0.5E+05
  0.0001429568  0.0008444325  0.0033196742  0.0105443793  0.0292246805  0.0735314095  0.1719624680  0.3798178818  0.8035560311  1.6671760315  3.6956403467
n_q   11      0.1E+06
  0.0001140590  0.0007476279  0.0030579150  0.0099358986  0.0279632010  0.0711530589  0.1678552924  0.3733397051  0.7943349362  1.6555123761  3.6822834226
n_q   11      0.2E+06
  0.0001134977  0.0007457000  0.0030526245  0.0099235004  0.0279373538  0.0711041222  0.1677705024  0.3732056084  0.7941436626  1.6552701124  3.6820059234
n_q   12      0.1E+02
  0.0711846766  0.1690895322  0.2757926388  0.3977636094  0.5441057435  0.7279147631  0.9682939485  1.2936786640  1.7493131133  2.4187704026  3.5024366141  5.7855524080
n_q   12      0.2E+02
  0.0428025347  0.1026156437  0.1703341135  0.2524250366  0.3585406408  0.5029449307  0.7061343335  0.9975940043  1.4229943026  2.0653230770  3.1208980779  5.3514751897
n_q   12      0.3E+02
  0.0314847850  0.0759880787  0.1277666946  0.1931751032  0.2819959712  0.4087743923  0.5942255934  0.8680605358  1.2764587209  1.9030088362  2.9432226544  5.1490168368
n_q   12      0.4E+02
  0.0252371171  0.0612388029  0.1040508556  0.1599052433  0.2385711867  0.3545821250  0.5285932207  0.7904471851  1.1868782571  1.8022353685  2.8319457784  5.0221823554
n_q   12      0.5E+02
  0.0212246513  0.0517398369  0.0887040340  0.1382327771  0.2100216300  0.3184838879  0.4841478354  0.7369760980  1.1242221404  1.7309580290  2.7527605275  4.9319359579
n_q   12      0.6E+02
  0.0184080984  0.0450560813  0.0778611314  0.1228310594  0.1895609345  0.2923043034  0.4514544296  0.6970886541  1.0769243507  1.6766859344  2.6921885125  4.8629171816
n_q   12      0.7E+02
  0.0163112546  0.0400697356  0.0697424934  0.1112380897  0.1740396435  0.2722299633  0.4260759427  0.6657626612  1.0394169828  1.6333462645  2.6436380689  4.8076086411
n_q   12      0.8E+02
  0.0146834404  0.0361914354  0.0634072656  0.1021478553  0.1617806182  0.2562191166  0.4056164628  0.6402570727  1.0086292613  1.5975625195  2.6034273539  4.7618102578
n_q   12      0.9E+02
  0.0133794495  0.0330793026  0.0583083622  0.0947986056  0.1518020216  0.2430698354  0.3886538069  0.6189288728  0.9827038032  1.5672784493  2.5693057475  4.7229543998
n_q   12      0.1E+03
  0.0123090459  0.0305206065  0.0541046151  0.0887139631  0.1434876392  0.2320235859  0.3742832848  0.6007236370  0.9604392175  1.5411563493  2.5398045743  4.6893656358
n_q   12      0.2E+03
  0.0070860134  0.0179638475  0.0332648386  0.0580597118  0.1005771448  0.1733333930  0.2957310434  0.4987160340  0.8331516143  1.3896105342  2.3672949507  4.4930548592
n_q   12      0.3E+03
  0.0051195983  0.0131892854  0.0251976096  0.0458385771  0.0827442424  0.1478233442  0.2601727263  0.4509304574  0.7718498865  1.3151307968  2.2815665391  4.3955515212
n_q   12      0.4E+03
  0.0040632300  0.0106063465  0.0207757313  0.0389902821  0.0724629195  0.1327041092  0.2385928737  0.4213494413  0.7332827906  1.2677049097  2.2266091412  4.3330561117
n_q   12      0.5E+03
  0.0033960423  0.0089658613  0.0179367738  0.0345134149  0.0655952831  0.1224040531  0.2236461872  0.4005751197  0.7058874382  1.2337273932  2.1870446406  4.2880666798
n_q   12      0.7E+03
  0.0025913964  0.0069745687  0.0144458782  0.0288910389  0.0567656734  0.1088872602  0.2036941460  0.3724435070  0.6683474148  1.1867479035  2.1320583938  4.2255387853
n_q   12      0.1E+04
  0.0019463549  0.0053641265  0.0115705679  0.0241262390  0.0490612219  0.0968006412  0.1854888010  0.3463341660  0.6330104554  1.1420476000  2.0794138334  4.1656658271
n_q   12      0.2E+04
  0.0011191579  0.0032686762  0.0077087400  0.0174324626  0.0377804663  0.0785010103  0.1571527226  0.3047343816  0.5755987681  1.0683278449  1.9918273202  4.0660174428
n_q   12      0.3E+04
  0.0008121034  0.0024758914  0.0061840387  0.0146476159  0.0328799244  0.0702772393  0.1440596377  0.2850571930  0.5479078906  1.0322349251  1.9485640056  4.0167705581
n_q   12      0.4E+04
  0.0006481130  0.0020466771  0.0053330587  0.0130421841  0.0299838018  0.0653224927  0.1360452093  0.2728507539  0.5305383007  1.0094001089  1.9210522466  3.9854419727
n_q   12      0.5E+04
  0.0005448622  0.0017734324  0.0047781227  0.0119707005  0.0280174152  0.0619132750  0.1304701296  0.2642812084  0.5182503659  0.9931501846  1.9014045489  3.9630619605
n_q   12      0.7E+04
  0.0004206406  0.0014403629  0.0040830027  0.0105957929  0.0254497063  0.0574007984  0.1230084215  0.2527041493  0.5015205763  0.9708929816  1.8743958599  3.9322874092
n_q   12      0.1E+05
  0.0003212728  0.0011690041  0.0034961597  0.0094012115  0.0231727233  0.0533354965  0.1161987099  0.2420238402  0.4859476215  0.9500306180  1.8489733269  3.9033086698
n_q   12      0.2E+05
  0.0001941857  0.0008108644  0.0026793161  0.0076733784  0.0197893695  0.0471676411  0.1056899836  0.2253069331  0.4612851979  0.9166901694  1.8081201677  3.8567142772
n_q   12      0.3E+05
  0.0001472602  0.0006729442  0.0023457791  0.0069407052  0.0183166866  0.0444285243  0.1009468938  0.2176601226  0.4498788831  0.9011384471  1.7889649083  3.8348545305
n_q   12      0.5E+05
  0.0001068181  0.0005493937  0.0020339533  0.0062380475  0.0168791893  0.0417184723  0.0962029152  0.2099432654  0.4382833419  0.8852388105  1.7693129347  3.8124188364
n_q   12      0.1E+06
  0.0000741721  0.0004441436  0.0017555466  0.0055936825  0.0155363122  0.0391508628  0.0916574250  0.2024808537  0.4269852391  0.8696564607  1.7499840776  3.7903424576
n_q   12      0.2E+06
  0.0000605483  0.0003977513  0.0016281581  0.0052926620  0.0148999281  0.0379208419  0.0894611330  0.1988498907  0.4214565363  0.8619976423  1.7404580408  3.7794585819
n_q   12      0.3E+06
  0.0000605283  0.0003976819  0.0016279651  0.0052922030  0.0148989531  0.0379189506  0.0894577452  0.1988442748  0.4214479650  0.8619857428  1.7404432217  3.7794416491
n_q   13      0.1E+02
  0.0657951120  0.1558144971  0.2526931221  0.3612508996  0.4880601557  0.6422740639  0.8368561748  1.0903726152  1.4302814691  1.9007339128  2.5848157520  3.6846225483  5.9974171439
n_q   13      0.2E+02
  0.0395138683  0.0943049709  0.1551950064  0.2269192919  0.3163249090  0.4333263112  0.5919767118  0.8118655465  1.1210827091  1.5638845436  2.2224139657  3.2940777647  5.5510419006
n_q   13      0.3E+02
  0.0290391751  0.0696930971  0.1159194578  0.1723198519  0.2457778054  0.3464046083  0.4884592768  0.6916744520  0.9843875484  1.4113359869  2.0550145975  3.1115307366  5.3422507012
n_q   13      0.4E+02
  0.0232593715  0.0560723341  0.0940721603  0.1417366036  0.2059105638  0.2967053050  0.4283329411  0.6205113432  0.9018119631  1.3175182943  1.9506750471  2.9969169133  5.2111890673
n_q   13      0.5E+02
  0.0195487683  0.0473066906  0.0799532152  0.1218567775  0.1797943671  0.2637979781  0.3879558648  0.5719461086  0.8445649616  1.2516047076  1.8766592674  2.9152010855  5.1177889315
n_q   13      0.6E+02
  0.0169449724  0.0411429335  0.0699893469  0.1077561447  0.1611404672  0.2400622453  0.3584665627  0.5359938990  0.8016474287  1.2016720579  1.8201701757  2.8525952723  5.0462646057
n_q   13      0.7E+02
  0.0150071017  0.0365471975  0.0625365727  0.0971612208  0.1470341959  0.2219512087  0.3357153160  0.5079360946  0.7678029511  1.1619597934  1.7749717076  2.8023472238  4.9888828936
n_q   13      0.8E+02
  0.0135031152  0.0329745931  0.0567263877  0.0888672098  0.1359255259  0.2075704507  0.3174713222  0.4852129398  0.7401508115  1.1292813871  1.7375901391  2.7606812802  4.9413195911
n_q   13      0.9E+02
  0.0122986244  0.0301091511  0.0520540922  0.0821720281  0.1269082268  0.1958075834  0.3024160840  0.4662984385  0.7169579917  1.1017045395  1.7059067570  2.7252874686  4.9009295252
n_q   13      0.1E+03
  0.0113101319  0.0277543331  0.0482051454  0.0766369993  0.1194143136  0.1859624116  0.2897143390  0.4502180846  0.6971087366  1.0779765276  1.6785411291  2.6946568538  4.8659851887
n_q   13      0.2E+03
  0.0064910169  0.0162170689  0.0291812343  0.0489100379  0.0811158536  0.1343271901  0.2212386426  0.3612893987  0.5848980598  0.9414285557  1.5190239900  2.5149049645  4.6611089869
n_q   13      0.3E+03
  0.0046795082  0.0118427642  0.0218565388  0.0379717272  0.0654616436  0.1123190471  0.1908397924  0.3203673717  0.5316673395  0.8750363463  1.4400626713  2.4250786861  4.5588403253
n_q   13      0.4E+03
  0.0037074548  0.0094812003  0.0178578876  0.0318905603  0.0565361203  0.0994286623  0.1725966329  0.2952899875  0.4984624791  0.8330134161  1.3895433034  2.3672713493  4.4930584436
n_q   13      0.5E+03
  0.0030940770  0.0079837695  0.0152993134  0.0279405762  0.0506232404  0.0907199319  0.1600583567  0.2778002178  0.4750130531  0.8030283835  1.3532170717  2.3255281638  4.4455695860
n_q   13      0.7E+03
  0.0023551074  0.0061695609  0.0121659998  0.0230164260  0.0430881697  0.0793891481  0.1434523234  0.2542818369  0.4430674773  0.7617342360  1.3027813128  2.2673081489  4.3793496679
n_q   13      0.1E+04
  0.0017635661  0.0047061108  0.0096001162  0.0188839158  0.0365840348  0.0693591883  0.1284376652  0.2326290168  0.4131949440  0.7226149904  1.2545308979  2.2113022646  4.3156577180
n_q   13      0.2E+04
  0.0010067371  0.0028099546  0.0061880279  0.0131638091  0.0272016647  0.0543757529  0.1053434646  0.1984814478  0.3650556257  0.6584198792  1.1742485462  2.1173756702  4.2088436157
n_q   13      0.3E+04
  0.0007266174  0.0020964974  0.0048581767  0.0108225994  0.0231860546  0.0477278173  0.0947879330  0.1824733193  0.3419906841  0.6270943201  1.1345214720  2.0705197706  4.1555506786
n_q   13      0.4E+04
  0.0005772981  0.0017117322  0.0041224097  0.0094856814  0.0208318986  0.0437488443  0.0883611409  0.1725833027  0.3275606216  0.6072881208  1.1091987144  2.0405109968  4.1214134077
n_q   13      0.5E+04
  0.0004834184  0.0014675492  0.0036457480  0.0085991535  0.0192417810  0.0410222078  0.0839043742  0.1656549505  0.3173632328  0.5931886290  1.0910702059  2.0189563667  4.0968895056
n_q   13      0.7E+04
  0.0003706378  0.0011709747  0.0030528344  0.0074687038  0.0171753370  0.0374259816  0.0779539684  0.1563078511  0.3034823620  0.5738515411  1.0660630761  1.9891211409  4.0629379600
n_q   13      0.1E+05
  0.0002805676  0.0009304916  0.0025563937  0.0064930225  0.0153513195  0.0341957746  0.0725318011  0.1476859943  0.2905441729  0.5556692376  1.0423899530  1.9607638828  4.0306601210
n_q   13      0.2E+05
  0.0001654908  0.0006151785  0.0018718690  0.0050900334  0.0126480886  0.0292948774  0.0641449465  0.1341305660  0.2699174240  0.5263420538  1.0038603899  1.9143610029  3.9778209431
n_q   13      0.3E+05
  0.0001229281  0.0004944050  0.0015937643  0.0044950586  0.0114667564  0.0271029360  0.0603224188  0.1278538769  0.2602377797  0.5124251314  0.9854183263  1.8920351869  3.9523876209
n_q   13      0.5E+05
  0.0000860516  0.0003862315  0.0013328549  0.0039197499  0.0103001906  0.0249030075  0.0564351835  0.1214006111  0.2501934358  0.4978723342  0.9660184769  1.8684653230  3.9255283521
n_q   13      0.1E+06
  0.0000555856  0.0002923027  0.0010933458  0.0033736175  0.0091667070  0.0227269620  0.0525344738  0.1148474158  0.2398911036  0.4828213524  0.9458252126  1.8438358486  3.8974510846
n_q   13      0.2E+06
  0.0000390525  0.0002379840  0.0009471554  0.0030298668  0.0084379293  0.0213050481  0.0499524680  0.1104633430  0.2329374923  0.4725877873  0.9320171020  1.8269360620  3.8781787481
n_q   13      0.3E+06
  0.0000340389  0.0002207015  0.0008991360  0.0029149379  0.0081912763  0.0208193423  0.0490640117  0.1089457474  0.2305184102  0.4690129779  0.9271782596  1.8210023120  3.8714105759
n_q   13      0.4E+06
  0.0000330786  0.0002173322  0.0008896789  0.0028921756  0.0081422350  0.0207224877  0.0488864342  0.1086418496  0.2300332300  0.4682950733  0.9262055360  1.8198087510  3.8700490618
n_q   14      0.1E+02
  0.0611672711  0.1445085338  0.2333087043  0.3312553013  0.4432467435  0.5759071773  0.7383746794  0.9433758855  1.2089176341  1.5616549458  2.0450074532  2.7419850943  3.8566755068  6.1981813315
n_q   14      0.2E+02
  0.0366971335  0.0872726090  0.1426593255  0.2064271218  0.2835897386  0.3812489108  0.5093454281  0.6815036881  0.9164311767  1.2411293793  1.6988916309  2.3714793690  3.4577518634  5.7402472869
n_q   14      0.3E+02
  0.0269485719  0.0643920828  0.1062051072  0.1558226243  0.2182387103  0.3006760473  0.4132531737  0.5697250682  0.7889239436  1.0981226632  1.5410283271  2.1995131319  3.2707215534  5.5255489337
n_q   14      0.4E+02
  0.0215714048  0.0517388459  0.0859543367  0.1275363375  0.1814236825  0.2548345087  0.3578645443  0.5042194995  0.7127864027  1.0111326194  1.4434560698  2.0919781636  3.1530482964  5.3905535884
n_q   14      0.5E+02
  0.0181203904  0.0436009473  0.0728818458  0.1091824332  0.1573753385  0.2246218844  0.3209240269  0.4598968526  0.6604755354  0.9505074044  1.3746503677  2.0155108372  3.0690175985  5.2942233399
n_q   14      0.6E+02
  0.0156994378  0.0378817333  0.0636654818  0.0961847376  0.1402432890  0.2029227811  0.2941076299  0.4273186187  0.6215386798  0.9048675734  1.3223740653  1.9570374697  3.0045539952  5.2203736701
n_q   14      0.7E+02
  0.0138981094  0.0336195382  0.0567778323  0.0864325676  0.1273193361  0.1864307074  0.2735287271  0.4020466010  0.5910134830  0.8687528182  1.2806972849  1.9101752774  2.9527569216  5.1610696744
n_q   14      0.8E+02
  0.0125004213  0.0303076914  0.0514124614  0.0788083970  0.1171649099  0.1733827406  0.2571046068  0.3816850458  0.5661965543  0.8391601114  1.2463316648  1.8713633171  2.9097642415  5.1118712221
n_q   14      0.9E+02
  0.0113813041  0.0276524776  0.0471009995  0.0726615318  0.1089398771  0.1627455965  0.2436082848  0.3648123710  0.5454701188  0.8142773411  1.2172789422  1.8384268359  2.8732112163  5.0700605746
n_q   14      0.1E+03
  0.0104630612  0.0254712519  0.0435516944  0.0675857109  0.1021182440  0.1538700796  0.2322649457  0.3505246753  0.5277975089  0.7929346988  1.1922412422  1.8099472513  2.8415520083  5.0338617707
n_q   14      0.2E+03
  0.0059897755  0.0147993270  0.0260524770  0.0422725414  0.0675264601  0.1078388794  0.1719019293  0.2725409542  0.4291033113  0.6713790247  1.0473599692  1.6432750178  2.6552117669  4.8210711549
n_q   14      0.3E+03
  0.0043105056  0.0107629963  0.0193446993  0.0323686242  0.0535802550  0.0885650729  0.1456078543  0.2373064176  0.3830591075  0.6131010802  0.9763482420  1.5602761224  2.5616606516  4.7144075045
n_q   14      0.4E+03
  0.0034102794  0.0085877068  0.0156948222  0.0268969875  0.0457049262  0.0774022197  0.1300039888  0.2159412581  0.3546111561  0.5765112081  0.9311714010  1.5069617811  2.5012628008  4.6455970531
n_q   14      0.5E+03
  0.0028426663  0.0072103242  0.0133657275  0.0233612862  0.0405263651  0.0699215305  0.1193636599  0.2011495082  0.3346541988  0.5505486507  0.8988127429  1.4685085047  2.4575387649  4.5958060778
n_q   14      0.7E+03
  0.0021594493  0.0055442742  0.0105226823  0.0189804496  0.0339808497  0.0602711111  0.1053851584  0.1814084464  0.3076509595  0.5149978646  0.8540615399  1.4149345700  2.3963776421  4.5261871827
n_q   14      0.1E+04
  0.0016132124  0.0042033180  0.0082051681  0.0153343744  0.0283888068  0.0518157306  0.0928668402  0.1633932016  0.2825994390  0.4815408165  0.8114387139  1.3634496747  2.3373123988  4.4589806097
n_q   14      0.2E+04
  0.0009157569  0.0024721938  0.0051478471  0.0103540882  0.0204407993  0.0393608843  0.0738597067  0.1353151949  0.2426483068  0.4271026836  0.7409052084  1.2771569837  2.2376078746  4.3455745784
n_q   14      0.3E+04
  0.0006582781  0.0018238955  0.0039689243  0.0083471504  0.0170917347  0.0339122563  0.0652812338  0.1222991048  0.2236897235  0.4007368414  0.7061527331  1.2340831944  2.1874725831  4.2885600189
n_q   14      0.4E+04
  0.0005212677  0.0014754241  0.0033215712  0.0072120880  0.0151457453  0.0306764151  0.0600935751  0.1143044814  0.2118856020  0.3841247051  0.6840362336  1.2064609600  2.1551812819  4.2518383632
n_q   14      0.5E+04
  0.0004352428  0.0012548576  0.0029046595  0.0064645586  0.0138392720  0.0284704842  0.0565119418  0.1087244477  0.2035678909  0.3723216049  0.6682119500  1.1865913419  2.1318813562  4.2253409305
n_q   14      0.7E+04
  0.0003320524  0.0009877884  0.0023894839  0.0055180549  0.0121516089  0.0255755558  0.0517496527  0.1012210601  0.1922728458  0.3561559591  0.6463818938  1.1590285101  2.0994562105  4.1884637421
n_q   14      0.1E+05
  0.0002497976  0.0007721386  0.0019617570  0.0047078208  0.0106718523  0.0229891216  0.0474281748  0.0943209541  0.1817649964  0.3409650002  0.6256934039  1.1327363996  2.0684084060  4.1531491773
n_q   14      0.2E+05
  0.0001449679  0.0004912764  0.0013789022  0.0035543626  0.0084950766  0.0190856925  0.0407665510  0.0834901352  0.1650105850  0.3164121766  0.5918697030  1.0893701786  2.0169320277  4.0945861744
n_q   14      0.3E+05
  0.0001062607  0.0003845085  0.0011446717  0.0030688076  0.0075477334  0.0173425252  0.0377280450  0.0784608085  0.1571101512  0.3046803291  0.5755275194  1.0682374297  1.9917201748  4.0658959354
n_q   14      0.5E+05
  0.0000726984  0.0002893196  0.0009259205  0.0025996861  0.0066103089  0.0155853538  0.0346183790  0.0732476773  0.1488312361  0.2922709116  0.5581052044  1.0455708718  1.9645808459  4.0350053407
n_q   14      0.1E+06
  0.0000448132  0.0002067554  0.0007245139  0.0021504886  0.0056877916  0.0138192018  0.0314387340  0.0678402566  0.1401384326  0.2791046161  0.5394581270  1.0211465979  1.9352189368  4.0015754783
n_q   14      0.2E+06
  0.0000292172  0.0001577424  0.0005970685  0.0018551705  0.0050649978  0.0126023997  0.0292120105  0.0640017961  0.1338968878  0.2695586668  0.5258281092  1.0031812141  1.9135401621  3.9768859870
n_q   14      0.3E+06
  0.0000236481  0.0001392863  0.0005469375  0.0017360956  0.0048095472  0.0120967714  0.0282770718  0.0623763209  0.1312347622  0.2654623545  0.5199495631  0.9954024570  1.9041314495  3.9661684960
n_q   14      0.4E+06
  0.0000208783  0.0001298123  0.0005206466  0.0016728966  0.0046728408  0.0118244816  0.0277710814  0.0614930161  0.1297831787  0.2632222906  0.5167271420  0.9911304562  1.8989584974  3.9602754034
n_q   14      0.5E+06
  0.0000193692  0.0001245458  0.0005058520  0.0016370898  0.0045950220  0.0116689323  0.0274812131  0.0609858291  0.1289480846  0.2619314853  0.5148677456  0.9886628439  1.8959685802  3.9568690607
n_q   14      0.7E+06
  0.0000184753  0.0001213862  0.0004969108  0.0016153617  0.0045476672  0.0115740755  0.0273041506  0.0606755971  0.1284366973  0.2611402695  0.5137270825  0.9871481160  1.8941325486  3.9547772395
n_q   15      0.1E+02
  0.0571511962  0.1347609820  0.2167924173  0.3061300555  0.4065242973  0.5229143871  0.6619515008  0.8326876570  1.0475551695  1.3240406120  1.6881745467  2.1829224353  2.8914979430  4.0201557356  6.3896647738
n_q   15      0.2E+02
  0.0342570756  0.0812389575  0.1320880642  0.1895620575  0.2574347553  0.3409324414  0.4472725025  0.5862378480  0.7709416196  1.0193233364  1.3575648829  1.8283241651  2.5132971297  3.6130225748  5.9202936132
n_q   15      0.3E+02
  0.0251404606  0.0598615045  0.0980768773  0.1424173537  0.1966064250  0.2659327500  0.3577519270  0.4819746545  0.6518014777  0.8853077938  1.2089526908  1.6657167955  2.3371854614  3.4218312792  5.7000508867
n_q   15      0.4E+02
  0.0201134539  0.0480468900  0.0792047491  0.1161121702  0.1624290885  0.2234294135  0.3064598853  0.4213902131  0.5814003222  0.8046842906  1.1180166798  1.5647904440  2.2267586808  3.3013295338  5.5613724684
n_q   15      0.5E+02
  0.0168880504  0.0404523657  0.0670338169  0.0990695635  0.1401553279  0.1955184392  0.2724397623  0.3806988588  0.5334384650  0.7489681403  1.0543592358  1.4933981322  2.1480751960  3.2151626674  5.4623017093
n_q   15      0.6E+02
  0.0146259218  0.0351175064  0.0584601957  0.0870165685  0.1243207801  0.1755396894  0.2478661231  0.3509786266  0.4979850091  0.7073027699  1.0062683561  1.4390235277  2.0878094629  3.1489876316  5.3862800843
n_q   15      0.7E+02
  0.0129431386  0.0311433962  0.0520576229  0.0779840434  0.1123987205  0.1604023599  0.2290926498  0.3280493760  0.4703507500  0.6745122916  0.9681041645  1.3955858527  2.0394448610  3.0957651279  5.3251821433
n_q   15      0.8E+02
  0.0116376959  0.0280565631  0.0470734627  0.0709302332  0.1030483748  0.1484608344  0.2141699384  0.3096632904  0.4479943584  0.6477664122  0.9367556701  1.3597062225  1.9993413338  3.0515526254  5.2744587859
n_q   15      0.9E+02
  0.0105926344  0.0255826077  0.0430707967  0.0652489962  0.0954874766  0.1387519341  0.2019522835  0.2944915569  0.4294022510  0.6253657255  0.9103406992  1.3293276205  1.9652732154  3.0139343774  5.2313239634
n_q   15      0.1E+03
  0.0097353035  0.0235509356  0.0397775784  0.0605621311  0.0892266961  0.1306713373  0.1917178993  0.2816922495  0.4136087055  0.6062180228  0.8876415482  1.3031121146  1.9357875430  2.9813305240  5.1939564819
n_q   15      0.2E+03
  0.0055614446  0.0136224431  0.0235750488  0.0372729719  0.0576750231  0.0891547071  0.1378921396  0.2127087840  0.3264936973  0.4983953354  0.7575386634  1.1507045886  1.7626459217  2.7889482631  4.9738042968
n_q   15      0.3E+03
  0.0039963763  0.0098751009  0.0173873966  0.0282209748  0.0450958506  0.0720399636  0.1148595379  0.1820981221  0.2865444577  0.4475017573  0.6945970376  1.0754922855  1.6759871195  2.6919852463  4.8630599467
n_q   15      0.4E+03
  0.0031580666  0.0078585697  0.0140296687  0.0232449783  0.0380499461  0.0622288886  0.1013387616  0.1637323506  0.2621075906  0.4158369768  0.6548585051  1.0274341018  1.6201338737  2.6292153159  4.7914402331
n_q   15      0.5E+03
  0.0026298460  0.0065832443  0.0118917604  0.0200429043  0.0334464730  0.0557039548  0.0921899551  0.1511113941  0.2450839575  0.3935114037  0.6265467179  0.9928992279  1.5797450704  2.5836775326  4.7395149730
n_q   15      0.6E+03
  0.0022640577  0.0056973303  0.0103981058  0.0177852166  0.0301587536  0.0509766295  0.0854716364  0.1417322694  0.2322996709  0.3765894209  0.6049134328  0.9663336751  1.5485236223  2.5483852865  4.6992901049
n_q   15      0.7E+03
  0.0019945381  0.0050427907  0.0092889725  0.0160950930  0.0276699613  0.0473548764  0.0802675699  0.1343967267  0.2222156819  0.3631409974  0.5876075064  0.9449657115  1.5233094274  2.5198228955  4.6667463425
n_q   15      0.8E+03
  0.0017870213  0.0045376003  0.0084290301  0.0147750621  0.0257069117  0.0444686875  0.0760818512  0.1284487983  0.2139808777  0.3520892514  0.5733069876  0.9272271445  1.5023065731  2.4959879569  4.6395958902
n_q   15      0.9E+03
  0.0016219085  0.0041347531  0.0077404597  0.0137109857  0.0241104756  0.0421003704  0.0726196965  0.1234948616  0.2070802541  0.3427777482  0.5612008838  0.9121508407  1.4844032779  2.4756385101  4.6164204896
n_q   15      0.1E+04
  0.0014871446  0.0038052863  0.0071751648  0.0128319872  0.0227811357  0.0401125718  0.0696934521  0.1192823248  0.2011809722  0.3347795767  0.5507588922  0.8991015649  1.4688669260  2.4579547965  4.5962843563
n_q   15      0.2E+04
  0.0008404149  0.0022127173  0.0044044158  0.0084252777  0.0159295974  0.0295938801  0.0538511112  0.0960186198  0.1680232027  0.2891110510  0.4903019558  0.8226597474  1.3770544599  2.3529519089  4.4767751352
n_q   15      0.3E+04
  0.0006021998  0.0016187261  0.0033452393  0.0066742118  0.0130868192  0.0250590910  0.0467969004  0.0853675374  0.1524652909  0.2672108205  0.4607495497  0.7846876597  1.3308927437  2.2998057568  4.4163157384
n_q   15      0.4E+04
  0.0004756369  0.0013003521  0.0027672865  0.0056928471  0.0114501120  0.0223884810  0.0425633914  0.0788704849  0.1428378099  0.2534844400  0.4420178491  0.7603902043  1.3011427011  2.2654170754  4.3772021220
n_q   15      0.5E+04
  0.0003962678  0.0010992904  0.0023969413  0.0050508717  0.0103583404  0.0205783676  0.0396555902  0.0743565313  0.1360810126  0.2437641389  0.4286480517  0.7429320311  1.2796585098  2.2405122932  4.3488779989
n_q   15      0.6E+04
  0.0003414757  0.0009596636  0.0021365304  0.0045917781  0.0095656214  0.0192478523  0.0374963312  0.0709749986  0.1309799833  0.2363753024  0.4184236484  0.7295129765  1.2630808671  2.2212530741  4.3269755854
n_q   15      0.7E+04
  0.0003011911  0.0008564730  0.0019419490  0.0042438128  0.0089572919  0.0182166529  0.0358089973  0.0683137231  0.1269403468  0.2304915027  0.4102423245  0.7187313325  1.2497198359  2.2057032208  4.3092920549
n_q   15      0.8E+04
  0.0002702223  0.0007767772  0.0017901806  0.0039690416  0.0084718888  0.0173869880  0.0344420673  0.0661449936  0.1236312095  0.2256494858  0.4034823919  0.7097924619  1.2386136267  2.1927583986  4.2945711899
n_q   15      0.9E+04
  0.0002456103  0.0007131731  0.0016679632  0.0037453590  0.0080731774  0.0167006500  0.0333046052  0.0643311699  0.1208512826  0.2215658406  0.3977616018  0.7022056962  1.2291664486  2.1817332842  4.2820334602
n_q   15      0.1E+05
  0.0002255397  0.0006611043  0.0015670812  0.0035589310  0.0077382540  0.0161205386  0.0323382460  0.0627833807  0.1184699102  0.2180557226  0.3928295686  0.6956484407  1.2209854834  2.1721753158  4.2711641589
n_q   15      0.2E+05
  0.0001293868  0.0004081519  0.0010622141  0.0025953168  0.0059625322  0.0129825928  0.0270230432  0.0541469887  0.1050139537  0.1980002872  0.3643742896  0.6575035004  1.1730934363  2.1160177713  4.2072996950
n_q   15      0.3E+05
  0.0000939871  0.0003127081  0.0008619223  0.0021941705  0.0051962733  0.0115901207  0.0246094024  0.0501473980  0.0986752857  0.1884109446  0.3505909246  0.6388233010  1.1494424327  2.0881498526  4.1756041389
n_q   15      0.4E+05
  0.0000751595  0.0002610376  0.0007497640  0.0019630357  0.0047455882  0.0107579208  0.0231478105  0.0476982558  0.0947562451  0.1824321181  0.3419342956  0.6270188756  1.1344260985  2.0704073288  4.1554229608
n_q   15      0.5E+05
  0.0000633385  0.0002281248  0.0006764645  0.0018089259  0.0044407872  0.0101888487  0.0221392539  0.0459952628  0.0920131615  0.1782232956  0.3358101083  0.6186327603  1.1237237867  2.0577381715  4.1410114508
n_q   15      0.7E+05
  0.0000491586  0.0001879675  0.0005844875  0.0016115426  0.0040447125  0.0094410205  0.0208016623  0.0437191351  0.0883224794  0.1725278302  0.3274812974  0.6071797272  1.1090601211  2.0403466492  4.1212265359
n_q   15      0.1E+06
  0.0000378602  0.0001552078  0.0005067662  0.0014406853  0.0036960329  0.0087740303  0.0195959085  0.0416489743  0.0849400907  0.1672736315  0.3197539282  0.5965027188  1.0953394679  2.0240381314  4.1026717103
n_q   15      0.2E+06
  0.0000235097  0.0001119352  0.0003988775  0.0011959085  0.0031853704  0.0077804257  0.0177747767  0.0384860764  0.0797214236  0.1590982197  0.3076424314  0.5796652215  1.0735996091  1.9981255460  4.0731855760
n_q   15      0.5E+06
  0.0000138312  0.0000806497  0.0003154024  0.0009988028  0.0027625888  0.0069401552  0.0162081943  0.0357265964  0.0751137164  0.1518056922  0.2967435011  0.5644011641  1.0537786811  1.9744202320  4.0462056800
n_q   15      0.1E+07
  0.0000106998  0.0000697696  0.0002848293  0.0009244837  0.0025999456  0.0066119530  0.0155888621  0.0346247899  0.0732585598  0.1488486445  0.2922971450  0.5581421915  1.0456191490  1.9646387632  4.0350712573
n_q   15      0.2E+07
  0.0000105228  0.0000691368  0.0002830208  0.0009200465  0.0025901722  0.0065921352  0.0155513212  0.0345577940  0.0731454597  0.1486679643  0.2920249463  0.5577584133  1.0451182163  1.9640378140  4.0343871534
